ID	Symbol	Chromosome	Start	End	EP001	EP002	EP003	EP004	EP005	EP006	EP007	EP008	EP009	EP010	EP011	EP012	EP013	EP014	EP015	EP016	EP017	EP018	EP019	EP020	EP021	EP022	EP023	EP024	EP025	EP026	EP027	EP028	EP029	EP030	EP031	EP032	EP033	EP034	EP035	EP036	EP037	EP038	EP039	EP040	EP041	EP042	EP043	EP044	EP045	EP046	EP047	EP048	EP049	EP050	EP051	EP052	EP053	EP054	EP055	EP056	EP057	EP058	EP059	EP060	EP061	EP062	EP063	EP064	EP065	EP066	EP067	EP068	EP069	EP070	EP071	EP072	EP073	EP074	EP075	EP076	EP077	EP078	EP079	EP080	EP081	EP082	EP083	EP084	EP085	EP086	EP087	EP088	EP089	EP090	EP091	EP092	EP093	EP094	EP095	EP096	EP097	EP098	EP099	EP100	EP101	EP102	EP103	EP104
NM_022114	PRDM16	1	2985741	3355185	0	0	0	0	0	0	1	0	0	0	0	0	0	0	0	0	0	0	0	1	0	0	0	0	0	1	1	0	0	0	1	1	0	0	1	0	1	1	1	0	0	1	1	0	1	0	1	1	1	0	1	0	1	0	0	1	1	1	0	1	0	1	1	1	1	1	0	0	1	1	1	1	0	0	1	1	0	1	1	1	0	0	1	0	0	1	0	0	0	0	0	1	1	1	0	1	0	1	1	1	1	1	1	0
NR_036215	MIR4251	1	3044538	3044599	0	0	0	0	0	0	1	0	0	0	0	0	0	0	0	0	0	0	0	1	0	0	0	0	0	1	1	0	0	0	1	1	0	0	1	0	1	1	1	0	0	1	1	0	1	0	1	1	1	0	1	0	1	0	0	1	1	1	0	1	0	1	1	1	1	1	0	0	1	1	1	1	0	0	1	1	0	1	1	1	0	0	1	0	0	1	0	0	0	0	0	1	1	1	0	1	0	1	1	1	1	1	1	0
NM_015378	VPS13D	1	12290112	12572098	0	0	0	0	0	0	0	0	0	0	0	0	0	0	0	0	0	0	0	0	0	0	0	0	0	0	0	0	0	0	0	0	0	0	0	0	0	0	0	0	0	0	0	0	0	0	0	0	0	0	0	0	0	0	0	0	0	0	0	0	0	0	0	0	0	0	0	0	0	0	0	0	0	0	0	0	0	0	0	0	0	0	0	0	0	0	0	0	0	0	0	0	0	0	0	0	0	0	0	0	0	0	0	0
NM_001100631	PRAMEF22	1	13035542	13038381	0	0	0	0	0	0	0	0	0	0	0	0	0	0	0	0	0	0	0	0	0	0	0	0	0	0	0	0	0	0	0	0	0	0	0	0	0	0	0	0	0	0	0	0	0	0	0	0	0	0	0	0	0	0	0	0	0	0	0	0	0	0	0	0	0	0	0	0	0	0	0	0	0	0	0	0	0	0	0	0	0	0	0	0	0	0	0	0	0	0	0	0	0	0	0	0	0	0	0	0	0	0	0	0
NM_018066	GPN2	1	27205872	27216869	0	0	0	0	0	0	0	0	0	0	0	0	0	0	0	0	0	0	0	0	0	0	0	0	0	0	0	0	0	0	0	0	0	0	0	0	0	0	0	0	0	0	0	0	0	0	0	0	0	0	0	0	0	0	0	0	0	0	0	0	0	0	0	0	0	0	0	0	0	0	0	0	0	0	0	0	0	0	0	0	0	0	0	0	0	0	0	-1	0	0	0	0	0	0	0	0	0	0	0	0	0	0	0	0
NM_144569	SPOCD1	1	32256024	32281580	0	0	0	0	0	0	0	0	0	0	0	0	0	0	0	0	0	0	0	0	0	0	0	0	0	0	0	0	0	0	0	0	0	0	0	0	0	0	0	0	0	0	0	0	0	0	0	0	0	0	0	0	0	0	0	0	0	0	0	0	0	0	0	0	0	0	0	0	0	0	0	0	0	0	0	0	0	0	0	0	0	0	0	0	0	0	0	0	0	0	0	0	0	0	0	1	0	0	0	0	0	0	0	0
NM_023009	MARCKSL1	1	32799429	32801840	0	0	0	0	0	0	0	0	0	0	0	0	0	0	0	0	0	0	0	0	0	0	0	0	0	0	0	0	0	0	0	0	0	0	0	0	0	0	0	0	0	0	0	0	0	0	0	0	0	0	0	0	0	0	0	0	0	0	0	0	0	0	0	0	0	0	0	0	0	0	0	0	0	0	0	0	0	0	0	0	0	0	0	0	0	0	0	0	0	0	0	0	0	0	0	0	0	0	0	0	0	0	0	0
NM_177422	EIF2C3	1	36396682	36522063	0	0	0	0	0	0	0	0	0	0	0	0	0	0	0	0	0	0	0	0	0	0	0	0	0	0	0	0	0	-1	0	0	0	0	0	0	0	0	0	0	0	0	0	0	0	0	0	0	0	0	0	0	0	0	0	0	0	0	0	0	0	0	0	0	0	0	0	0	0	0	0	0	0	0	0	0	0	0	0	0	0	0	0	0	0	0	0	0	0	0	0	0	0	0	0	0	0	0	0	0	0	0	0	0
NM_031207	HYI	1	43916673	43919660	0	0	0	0	0	0	0	0	0	0	0	0	0	0	0	0	0	0	0	0	0	0	0	0	0	0	0	0	0	0	0	0	0	0	0	0	0	0	0	0	0	0	0	0	0	0	0	0	0	0	0	0	0	0	0	0	0	0	0	0	0	0	0	0	0	0	0	0	0	0	0	0	0	0	0	0	0	0	0	0	0	0	0	0	0	0	0	0	0	0	0	0	0	0	0	0	0	0	0	0	0	0	0	0
NM_152499	CCDC24	1	44457279	44462198	0	0	0	0	0	0	0	0	0	0	0	0	0	0	0	0	0	0	0	0	0	0	0	0	0	0	0	0	0	0	0	0	0	0	0	0	0	0	0	0	0	0	0	0	0	0	0	0	0	0	0	0	0	0	0	0	0	0	0	0	0	0	0	0	0	0	0	0	0	0	0	0	0	0	0	0	0	0	0	0	0	0	0	0	0	0	0	0	0	0	0	0	0	0	0	0	0	0	0	0	0	0	0	0
NM_023077	SELRC1	1	53152013	53164038	0	0	0	0	0	0	0	0	0	0	0	0	0	0	0	0	0	0	0	0	0	0	0	-1	0	0	0	0	0	0	0	0	0	0	0	0	0	0	0	0	0	0	0	0	0	0	0	0	0	0	0	0	0	0	0	0	0	0	0	0	0	0	0	0	0	0	0	0	0	0	0	0	0	0	0	0	0	0	0	0	0	0	0	0	0	0	0	0	0	0	0	0	0	0	0	0	0	0	0	0	0	0	0	0
NM_001077700	MIER1	1	67390577	67454302	0	0	0	0	0	0	0	0	0	-1	0	0	0	0	0	0	0	0	0	0	0	0	0	-1	0	0	0	0	0	0	0	0	0	0	0	0	0	0	0	0	0	0	0	0	0	0	0	0	0	0	0	0	0	0	0	0	0	0	0	0	0	0	0	0	0	0	0	0	0	0	0	0	0	0	0	0	0	0	0	0	0	0	0	0	0	0	0	-1	-1	0	0	0	0	0	0	0	0	0	0	0	0	0	0	0
NM_001199329	FPGT	1	74663895	74674148	0	0	0	0	0	0	0	0	0	-1	0	0	0	0	0	0	0	0	0	0	-1	0	0	-1	0	0	0	0	0	0	0	0	0	0	0	0	0	0	0	0	0	0	0	0	0	0	0	0	0	0	0	0	0	0	0	0	0	0	0	0	0	0	0	0	0	0	0	0	0	0	0	0	0	0	0	0	0	0	0	0	0	0	0	0	0	0	0	-1	-1	0	0	0	-1	0	0	0	0	0	0	0	0	0	0	0
NM_015958	DPH5	1	101455179	101491362	0	0	0	0	0	0	0	0	0	-1	0	0	0	0	0	0	0	0	0	0	0	0	0	-1	0	0	0	0	0	0	0	0	0	0	0	0	0	0	0	0	0	0	0	0	0	0	0	0	0	0	0	0	0	0	-1	0	0	0	0	0	0	0	0	0	0	0	0	0	0	0	0	0	0	0	0	0	0	0	0	0	0	0	0	0	0	0	0	0	-1	0	0	0	0	0	0	0	0	0	0	0	0	0	0	0
NM_005547	IVL	1	152881038	152884362	0	0	0	0	0	0	0	0	0	0	0	0	0	0	0	0	0	0	0	0	0	0	0	0	0	0	0	0	0	0	0	0	1	0	0	0	0	0	0	0	0	0	0	0	0	0	0	0	0	0	0	0	0	0	0	0	0	0	0	0	0	0	0	0	0	0	0	0	0	0	0	0	0	0	0	0	0	0	0	0	0	0	0	0	0	0	0	0	1	0	0	0	0	0	0	0	0	0	0	0	0	0	0	0
NM_199173	BGLAP	1	156211950	156213123	0	0	0	0	0	0	0	0	0	0	0	0	0	0	0	0	0	0	0	0	0	0	0	0	0	0	0	0	0	0	0	0	0	0	0	0	0	0	0	0	0	0	0	0	0	0	0	0	0	0	0	0	0	0	0	0	0	0	0	0	0	0	0	0	0	0	-1	0	0	0	0	0	0	0	0	0	0	-1	0	0	0	0	0	0	0	0	0	0	1	0	0	0	0	0	0	0	0	0	0	0	0	0	0	0
NM_144624;NM_001184763	UHMK1	1	162466963	162499419	0	0	0	0	0	0	0	0	0	0	0	0	0	0	0	0	0	0	-1	0	0	0	1	0	0	0	0	0	0	0	0	0	0	0	0	0	0	0	0	0	0	0	0	0	0	0	0	0	0	0	0	0	0	0	0	0	0	0	0	0	0	0	0	0	0	0	0	0	0	0	0	0	0	0	0	0	0	-1	0	0	0	0	0	0	0	0	0	0	1	0	0	0	0	0	0	0	0	0	0	0	0	0	0	0
NM_001174069;NM_177398	LMX1A	1	165171103	165325952	0	0	0	0	0	0	0	0	0	0	0	0	0	0	0	0	0	0	-1	0	0	0	0	0	0	0	0	0	0	0	0	0	0	0	0	0	0	0	0	0	0	0	0	0	0	0	0	0	0	0	0	0	0	0	0	0	0	0	0	0	0	0	0	0	0	0	0	0	0	0	0	0	0	0	0	0	0	-1	0	0	0	0	0	0	0	0	0	0	1	0	0	0	0	0	0	0	0	0	0	0	0	0	0	0
NM_003666	BLZF1	1	169337193	169365780	0	0	0	0	0	0	0	0	0	0	0	0	0	0	0	0	0	0	-1	0	0	0	0	0	0	0	0	0	0	0	0	0	0	0	0	0	0	0	0	0	0	0	0	0	0	0	0	0	0	0	0	0	0	0	0	0	0	0	0	0	0	0	0	0	0	0	0	0	0	0	0	0	0	0	0	0	0	-1	0	0	0	0	0	0	0	0	0	0	1	0	0	0	0	0	0	0	0	0	0	0	0	0	0	0
NM_001195190	LOC730159	1	173604660	173606272	0	0	0	0	0	0	0	0	0	0	0	0	0	0	0	0	0	0	-1	0	0	0	1	0	0	0	0	0	0	0	0	-1	0	0	0	0	0	0	0	0	0	0	0	0	0	0	0	0	0	0	0	0	0	0	0	0	0	0	0	0	0	0	0	0	0	0	0	0	0	0	0	0	0	-1	0	0	0	-1	0	0	0	0	0	-1	0	0	0	0	1	0	0	0	0	0	0	0	0	0	0	0	0	0	0	0
NM_015149	RGL1	1	183605207	183897666	0	0	0	0	0	0	0	0	0	0	0	0	0	0	0	0	0	0	-1	0	0	0	1	0	0	0	-1	0	0	0	0	-1	0	0	0	0	0	0	0	0	0	0	0	0	0	0	0	0	0	0	0	0	0	0	0	0	0	0	0	0	0	0	0	0	0	0	0	0	0	0	0	0	0	-1	0	0	0	-1	0	0	0	0	0	0	0	0	0	0	1	0	0	0	0	0	0	0	0	0	0	0	0	0	0	0
NM_005558	LAD1	1	201349965	201368669	0	0	0	0	0	0	0	0	0	0	0	0	0	0	0	0	0	0	0	0	0	0	0	0	0	0	0	0	0	0	0	0	0	0	0	0	0	0	0	0	0	0	0	0	0	0	0	0	0	0	0	0	0	0	0	0	0	0	0	0	0	0	0	0	0	0	0	0	0	0	0	0	0	0	0	0	0	0	0	0	0	0	0	0	0	0	0	0	1	0	0	0	0	0	0	0	0	0	0	0	0	0	0	0
NM_017773	LAX1	1	203734283	203745480	0	0	0	0	0	0	0	0	0	0	0	0	0	0	0	0	0	0	0	0	0	0	0	0	0	0	0	0	0	0	0	0	0	0	0	0	0	0	0	0	0	0	0	0	0	0	0	0	0	0	0	0	0	0	0	0	0	0	0	0	0	0	0	0	0	0	0	0	0	0	0	0	0	0	0	0	0	0	0	0	0	0	0	0	0	0	0	0	1	0	0	0	0	0	0	0	0	0	0	0	0	0	0	0
NM_022731	NUCKS1	1	205681946	205719372	0	0	0	0	0	0	0	0	0	0	0	0	0	0	0	0	0	0	0	0	0	0	0	0	0	0	0	0	0	0	0	0	0	0	0	0	0	0	0	0	0	0	0	0	0	0	0	0	0	0	0	0	0	0	0	0	0	0	0	0	0	0	0	0	0	0	0	0	0	0	0	0	0	0	0	0	0	0	0	0	0	0	0	0	0	0	0	0	1	0	0	0	0	0	0	0	0	0	0	0	0	0	0	0
NM_019595	ITSN2	2	24425734	24583397	0	0	0	0	0	0	0	0	0	-1	0	0	0	0	0	0	0	0	0	0	0	0	0	0	0	0	0	0	0	0	0	0	0	0	0	0	0	0	0	0	0	0	0	0	0	0	0	0	0	0	0	0	0	0	0	0	0	0	0	0	0	0	0	0	0	0	0	0	0	0	0	0	0	0	0	0	0	0	0	0	0	0	0	0	0	0	0	0	0	0	0	0	0	0	0	0	0	0	0	0	0	0	0	0
NM_001039753	EML6	2	54952148	55199156	0	0	0	0	0	0	0	0	0	-1	0	0	0	0	0	0	0	0	0	0	0	0	0	0	0	0	0	0	0	0	0	0	0	0	0	0	0	0	0	0	0	0	0	0	0	-1	0	0	0	0	0	-1	0	0	0	-1	0	0	0	0	0	0	0	0	0	0	0	0	0	0	0	0	0	0	0	0	0	0	0	0	0	0	0	0	0	0	0	0	0	0	0	0	0	0	0	0	0	0	0	0	0	0	0	0
NR_036586	LOC400958	2	65128973	65159581	0	0	0	0	0	0	0	0	0	-1	0	0	0	0	0	0	0	0	0	0	0	0	0	0	0	0	0	0	0	0	0	0	0	0	0	0	0	0	0	0	0	0	0	0	0	0	0	0	0	0	0	0	0	0	0	-1	0	0	0	0	0	0	0	0	0	0	0	0	0	0	0	0	0	0	0	0	0	0	0	0	0	0	0	0	0	0	0	0	0	0	0	0	0	0	0	0	0	0	0	0	0	0	0	0
NM_007227	GPR45	2	105858199	105859924	0	0	0	0	0	0	0	0	0	0	0	0	0	0	0	0	0	0	0	0	0	0	0	0	0	0	0	0	0	0	0	0	0	0	0	0	0	0	0	0	0	0	0	0	0	-1	0	0	0	0	0	0	0	0	0	0	0	0	0	0	0	0	0	0	0	0	0	0	0	0	0	0	0	0	0	0	0	0	0	0	0	0	0	0	0	0	-1	0	0	0	0	0	0	0	0	0	0	0	0	0	0	0	0	0
NR_024531;NR_024529	RPL23AP7	2	114368815	114384715	0	0	0	0	0	0	0	0	0	0	0	0	0	0	0	0	0	0	0	0	0	0	0	0	0	0	0	0	0	0	0	0	0	0	0	0	0	0	0	0	0	-1	0	0	0	-1	0	0	0	0	0	0	0	0	0	0	0	0	0	0	0	0	0	0	0	0	0	0	0	0	0	0	0	0	0	0	0	0	0	0	0	0	0	0	0	0	-1	0	0	0	0	0	0	0	0	0	0	0	0	-1	0	0	0	0
NM_152384	BBS5	2	170336005	170363165	0	0	0	0	0	0	0	0	0	0	-1	0	0	0	0	0	0	0	0	0	0	-1	0	0	0	0	0	0	0	0	0	0	0	0	0	0	0	0	0	0	0	0	0	0	0	0	0	0	0	0	0	0	0	0	0	0	0	0	0	0	0	0	0	0	0	0	0	0	0	0	0	0	-1	0	0	0	0	0	0	0	0	0	0	0	0	0	-1	0	0	0	0	-1	0	0	0	0	0	0	0	0	0	0	0	0
NM_144711	KLHL23	2	170590355	170608396	0	0	0	0	0	0	0	0	0	0	-1	0	0	0	0	0	0	0	0	0	0	-1	0	0	0	0	0	0	0	0	0	0	0	0	0	0	0	0	0	0	0	0	0	0	0	0	0	0	0	0	0	0	0	0	0	0	0	0	0	0	0	0	0	0	0	0	0	0	0	0	0	0	-1	0	0	0	0	0	0	0	0	0	0	0	0	0	-1	0	0	0	0	-1	0	0	0	0	0	0	0	0	0	0	0	0
NM_002500	NEUROD1	2	182540832	182545392	0	0	0	0	0	0	0	0	0	0	-1	0	0	0	0	0	0	0	0	0	0	0	0	0	0	0	0	0	0	0	0	0	0	0	0	0	0	0	0	0	0	0	0	0	0	0	0	0	0	0	0	0	0	0	0	0	0	0	0	0	0	0	0	0	0	0	0	0	0	0	0	0	0	0	0	0	0	0	0	0	0	0	0	0	0	0	-1	0	0	0	0	-1	0	0	0	0	0	0	0	0	0	0	0	0
NR_029500	MIR26B	2	219267368	219267445	0	0	0	0	0	0	0	0	0	0	0	0	0	0	0	0	0	0	0	0	0	0	0	0	0	0	0	0	0	0	0	0	0	0	0	0	0	0	0	0	0	0	0	0	0	0	0	0	0	0	0	0	0	0	0	0	0	0	0	0	0	0	0	0	0	0	0	0	0	0	0	0	0	0	0	0	0	0	0	0	0	0	0	0	0	0	0	0	0	0	0	0	0	0	0	0	0	0	0	0	0	0	0	0
NR_033879	LOC348761	2	231849082	231860747	0	0	0	0	0	0	0	0	0	0	0	0	0	0	0	0	0	0	0	1	0	0	0	0	0	0	0	0	0	0	0	0	0	0	0	0	0	0	0	0	0	0	0	0	0	0	0	0	0	0	0	0	0	0	0	0	0	0	0	0	0	0	0	0	0	0	0	0	0	0	0	0	0	0	0	0	0	0	0	0	0	0	0	0	0	0	0	0	0	0	0	0	0	0	0	0	0	0	0	0	0	0	0	0
NM_001072;NM_205862	UGT1A6	2	234600320	234681951	0	0	0	0	0	0	0	0	0	0	0	0	0	0	0	0	0	0	0	1	0	0	0	0	0	0	0	0	0	0	0	0	0	0	0	0	0	0	0	0	0	0	0	0	0	0	0	0	0	-1	0	0	0	0	0	0	0	0	0	0	0	0	0	0	0	0	0	0	-1	0	0	0	0	0	0	0	0	0	0	0	0	0	0	0	0	0	0	0	0	0	0	0	0	0	0	0	0	0	0	0	0	0	0	0
NM_014914	AGAP1	2	236402732	237040444	0	0	0	0	0	0	0	0	0	0	0	0	0	0	0	0	0	0	0	1	0	0	0	0	0	0	0	0	0	0	0	0	0	0	0	0	0	0	0	0	0	0	0	0	0	0	0	0	0	0	0	0	0	0	0	0	0	0	0	0	0	0	0	0	0	0	0	0	0	0	0	0	0	0	0	0	0	0	0	0	0	0	0	0	0	0	0	0	0	0	0	0	0	0	0	0	0	0	0	0	0	0	0	0
NM_057164;NM_057167	COL6A3	2	238232654	238322850	0	0	0	0	0	0	0	0	0	0	0	0	0	0	0	0	0	0	0	1	0	0	0	0	0	0	0	0	0	0	0	0	0	0	0	0	0	0	0	0	0	0	0	0	0	0	0	0	0	0	0	0	0	0	0	0	0	0	0	0	0	0	0	0	0	0	0	0	0	0	0	0	0	0	0	0	0	0	0	0	0	0	0	0	0	0	0	0	0	0	0	0	0	0	0	0	0	0	0	0	0	0	0	0
NR_039643	MIR4441	2	240007522	240007622	0	0	0	0	0	0	0	0	0	0	0	0	0	0	0	0	0	0	0	1	0	0	0	0	0	0	0	0	0	0	0	0	0	0	0	0	0	0	0	0	0	0	0	0	0	0	0	0	0	0	0	0	0	0	0	0	0	0	0	0	0	0	0	0	0	0	0	0	0	0	0	0	0	0	0	0	0	0	0	0	0	0	0	0	0	0	0	0	0	0	0	0	0	0	0	0	0	0	0	0	0	0	0	0
NM_001570	IRAK2	3	10206562	10285427	0	0	0	0	0	0	0	0	0	0	0	0	0	0	0	0	1	0	0	1	0	0	0	0	0	0	0	0	0	0	1	0	0	0	0	0	0	0	0	0	-1	0	0	0	0	0	0	0	0	0	0	0	0	0	0	0	0	0	0	0	0	0	0	0	0	0	0	0	0	0	0	0	0	0	0	0	0	-1	0	0	0	0	0	0	0	0	0	0	0	0	0	-1	0	0	0	0	0	0	-1	0	0	0	0	0
NM_152536	FGD5	3	14860468	14976072	0	0	0	0	0	0	0	0	0	0	0	0	0	0	0	0	1	0	0	1	0	0	0	0	0	0	0	0	0	0	0	0	0	0	0	0	0	0	0	0	0	0	0	0	0	0	0	0	0	1	0	0	0	0	0	0	0	0	0	0	0	0	0	0	0	-1	0	0	0	0	0	0	0	0	0	0	0	0	0	0	0	0	0	0	0	0	0	0	0	0	0	0	0	0	0	0	0	0	0	0	0	0	0	0
NM_003298	NR2C2	3	14989235	15090780	0	0	0	0	0	0	0	0	0	0	0	0	0	0	0	0	1	0	0	1	0	0	0	0	0	0	0	0	0	0	0	0	0	0	0	0	0	0	0	0	0	0	0	0	0	0	0	0	0	1	0	0	0	0	0	0	0	0	0	0	0	0	0	0	0	-1	0	0	0	0	0	0	0	0	0	0	0	0	0	0	0	0	0	0	0	0	0	0	0	0	0	0	0	0	0	0	0	0	0	0	0	0	0	0
NR_049771	OSBPL10-AS1	3	31745704	31763078	0	0	0	0	0	0	0	0	0	0	0	0	0	0	0	0	1	0	0	1	0	0	0	0	0	0	0	0	0	-1	0	0	0	0	0	0	0	0	0	0	0	0	0	0	0	0	0	0	0	1	0	0	0	0	0	0	0	-1	0	0	0	0	0	0	0	0	0	0	0	0	0	0	0	0	0	0	0	0	0	0	0	0	0	0	0	0	0	0	0	0	0	0	-1	0	0	0	0	0	-1	0	0	0	0	0
NM_007275	TUSC2	3	50362340	50365668	0	0	0	0	0	0	0	0	0	0	0	0	0	0	0	0	1	0	0	0	0	0	0	0	0	0	0	0	0	0	0	0	0	0	0	0	0	0	0	0	0	0	0	0	0	0	0	1	0	1	0	0	0	0	0	0	0	0	0	0	0	0	0	0	0	0	0	0	0	0	0	0	0	0	0	0	0	0	0	0	0	0	0	0	0	0	0	0	0	0	0	0	0	0	0	0	0	-1	0	0	0	0	0	0
NR_046575	MAGI1-AS1	3	65879490	65910972	0	0	0	0	0	0	0	0	0	0	0	0	0	0	0	0	0	0	0	0	0	0	0	0	0	-1	0	0	0	0	0	0	0	0	0	0	0	0	0	0	0	0	0	0	0	0	0	1	0	1	0	0	0	-1	0	0	0	-1	0	0	0	0	0	0	0	0	0	0	0	0	0	0	0	0	0	0	0	0	0	0	0	0	0	0	0	0	0	0	0	0	0	0	0	0	0	0	0	-1	0	0	0	-1	0	0
NM_001243288;NM_015480	PVRL3	3	110790605	110913016	0	0	0	0	0	0	0	0	0	0	0	0	0	0	0	0	0	0	0	0	0	0	0	0	1	0	0	0	0	0	0	0	0	0	0	0	0	0	0	0	-1	0	0	0	0	0	0	0	0	1	0	0	0	0	0	0	0	0	0	0	0	0	0	0	0	0	0	0	0	0	0	0	0	0	0	0	0	-1	0	0	0	0	0	0	0	0	0	-1	0	0	0	0	0	0	0	0	-1	0	0	0	0	0	0	0
NM_017945	SLC35A5	3	112280856	112303284	0	0	0	0	0	0	0	0	0	0	0	0	0	0	0	0	0	0	0	0	0	0	0	0	1	0	0	0	0	0	0	0	0	0	0	0	0	0	0	0	0	0	0	0	0	0	0	0	0	1	0	0	0	0	0	0	0	0	0	0	0	0	0	0	0	0	0	0	0	0	0	0	0	0	0	0	0	-1	0	0	0	0	0	0	0	0	0	0	0	0	0	0	0	0	0	0	-1	0	0	0	0	0	0	0
NR_029584	MIR198	3	120114514	120114576	0	0	0	0	0	0	0	0	0	0	0	0	0	0	0	0	0	0	0	0	0	0	0	0	1	0	0	0	0	0	1	0	0	1	0	0	0	0	0	0	0	0	0	0	0	0	0	0	0	1	0	0	0	0	0	0	0	0	0	0	0	0	0	0	0	0	0	0	0	0	0	0	0	0	0	0	0	0	0	0	0	0	-1	0	0	0	0	0	0	0	0	0	0	0	0	0	0	0	0	0	0	0	0	0
NM_001967	EIF4A2	3	186501360	186507685	0	0	0	0	0	0	0	0	0	0	0	0	0	0	0	0	0	0	0	0	0	0	0	0	0	0	0	0	0	0	-1	0	0	-1	0	0	0	0	0	0	0	0	0	0	0	0	0	-1	0	0	0	0	0	0	0	0	0	0	0	0	0	0	0	0	0	0	0	0	0	0	0	0	0	0	0	0	0	0	0	0	0	0	0	0	0	0	0	0	0	0	0	0	0	0	0	0	0	0	0	0	0	0	0	0
NM_001134418	LEPREL1	3	189674516	189840226	0	0	0	0	0	0	0	0	-1	0	0	0	0	0	0	0	1	0	0	0	0	0	0	0	0	0	0	0	0	0	-1	0	0	-1	0	0	0	0	0	0	0	0	0	0	0	0	0	-1	0	0	0	0	0	0	0	0	0	0	0	0	0	0	0	0	0	0	0	0	0	0	0	0	0	0	0	0	0	0	0	0	0	0	0	0	0	0	0	0	0	0	0	0	0	0	0	0	0	0	0	0	0	0	0	0
NR_038285	MFI2-AS1	3	196729776	196731615	0	0	0	0	0	0	0	0	-1	0	0	0	0	0	0	0	0	0	0	0	0	0	0	0	0	0	0	0	0	0	-1	0	0	0	0	0	0	0	0	0	0	0	0	0	0	0	0	-1	0	0	0	0	0	0	0	0	0	0	-1	0	0	0	0	0	0	0	0	0	0	0	0	0	0	0	0	0	0	0	0	0	0	0	0	0	0	0	0	0	0	0	0	0	0	0	0	0	0	0	0	0	0	0	0	0
NR_040106	LOC152578	4	53656160	53681631	0	0	0	0	0	0	0	0	0	0	0	0	0	0	0	0	0	0	0	0	0	0	0	0	0	0	0	0	0	0	0	0	0	0	0	0	0	0	0	0	0	0	0	0	0	0	0	0	0	0	0	0	0	0	0	0	0	0	0	0	0	0	0	0	0	0	0	0	0	0	0	0	0	0	0	0	0	0	0	0	0	0	0	0	0	0	0	0	0	0	0	0	0	0	0	0	0	0	0	0	0	0	0	0
NR_015439	LOC550112	4	68566995	68588222	0	0	0	0	0	0	0	0	0	0	0	0	0	0	0	0	0	0	0	0	0	0	0	0	0	0	0	0	0	0	0	0	0	0	0	0	0	0	0	0	0	0	0	0	0	0	0	0	0	0	0	0	0	0	0	0	0	0	0	0	0	0	0	0	0	0	0	0	0	0	0	0	0	0	0	0	0	0	0	0	0	0	0	0	0	0	0	0	0	0	0	0	0	0	0	0	0	0	0	0	0	0	0	0
NM_001244766	MOB1B	4	71768056	71853891	0	0	0	0	0	0	-1	0	0	0	0	0	0	0	0	0	0	0	0	0	0	0	0	0	0	0	0	0	0	0	0	0	0	0	0	0	0	0	0	0	0	0	0	0	0	0	0	0	0	0	0	0	0	0	0	0	0	-1	0	0	0	0	0	0	0	0	0	0	0	0	0	0	0	0	0	0	0	0	0	0	0	0	0	0	0	0	0	0	0	0	0	0	0	0	0	0	0	0	0	0	0	0	0	0
NM_020236	MRPL1	4	78783804	78873944	0	0	0	0	0	0	1	0	0	0	0	0	0	0	0	0	0	0	0	0	0	0	0	0	0	0	0	0	0	0	0	0	0	0	0	0	0	0	0	0	0	0	0	0	0	0	0	0	0	0	0	0	0	0	0	0	0	0	0	0	0	0	0	0	0	0	0	0	0	0	0	0	0	0	0	0	0	0	0	0	0	0	0	0	0	0	0	0	0	0	0	0	0	0	0	0	0	0	0	0	0	0	0	0
NM_007080	LSM6	4	147096834	147111213	0	0	0	0	0	0	0	0	0	0	0	0	0	0	0	0	0	0	0	0	0	0	0	0	0	0	0	0	0	0	0	0	0	0	0	0	0	0	0	0	0	0	0	0	0	0	0	0	0	0	0	0	0	0	0	0	0	0	0	0	0	0	0	0	0	0	0	0	0	0	0	0	0	0	0	0	0	0	0	0	0	0	0	0	0	0	0	0	0	0	0	0	0	0	0	0	0	0	0	0	0	0	0	0
NM_032136	TKTL2	4	164392246	164395047	0	0	0	0	-1	0	0	-1	0	0	0	0	0	0	0	0	0	0	0	0	0	0	0	0	0	0	0	0	0	0	0	0	0	0	0	0	0	0	0	0	0	0	0	0	0	0	0	0	0	0	0	0	0	0	0	0	0	0	0	0	0	0	0	0	0	0	0	0	0	0	0	0	0	0	0	0	0	0	0	0	0	0	0	0	0	0	0	0	0	0	0	0	0	0	0	0	0	0	0	0	0	0	0	0
NR_030304	MIR578	4	166307393	166307489	0	0	0	0	-1	0	0	-1	0	0	0	0	0	0	0	0	0	0	0	0	0	0	0	0	0	0	0	0	0	0	0	0	0	0	0	0	0	0	0	0	0	0	0	0	0	0	0	0	0	0	0	0	0	0	0	0	0	0	0	0	0	0	0	0	0	0	0	0	0	0	0	0	0	0	0	0	0	0	0	0	0	0	0	0	0	0	0	0	0	0	0	0	0	0	0	0	0	0	0	0	0	0	0	0
NM_018248	NEIL3	4	178230990	178284092	0	0	0	0	0	0	0	0	0	0	0	0	0	0	0	0	0	0	0	0	0	0	0	0	0	0	0	0	0	0	0	0	0	0	0	0	0	0	0	0	0	0	0	0	0	0	0	0	0	0	0	0	0	0	0	0	0	0	0	0	0	0	0	0	0	0	0	0	0	0	0	0	0	0	0	0	0	0	0	0	0	0	0	0	0	0	0	0	0	0	0	0	0	0	0	0	0	0	0	0	0	0	0	0
NR_039662	MIR4457	5	1309424	1309492	0	0	0	0	0	0	0	0	0	0	0	0	0	0	0	0	0	0	0	0	0	0	0	0	0	0	0	0	0	0	0	0	0	0	0	0	1	0	1	0	0	0	0	0	0	0	1	0	1	0	0	0	0	0	0	1	0	1	0	0	0	0	0	1	0	0	0	0	0	0	0	0	0	0	0	0	0	0	0	1	0	0	0	0	0	0	0	0	1	0	0	0	1	0	0	0	0	0	0	0	1	0	0	0
NM_001127671;NM_002310	LIFR	5	38475064	38595507	0	0	0	0	0	0	1	0	0	0	0	0	0	0	0	0	0	0	0	0	0	0	0	0	0	0	0	0	0	0	0	0	0	0	0	0	0	0	0	0	0	0	0	0	0	0	0	0	0	0	0	0	0	0	0	0	0	0	0	0	0	0	0	0	0	0	0	0	0	0	0	0	0	0	0	0	0	0	0	0	0	0	0	0	0	0	0	0	0	0	0	0	0	0	0	0	0	0	0	0	0	0	0	0
NM_001799	CDK7	5	68530621	68573257	0	0	0	0	0	0	0	0	0	0	-1	0	0	-1	0	0	0	0	-1	0	0	0	0	0	0	0	-1	0	0	0	-1	0	0	0	0	0	0	0	-1	0	0	0	0	0	0	0	0	0	0	0	0	0	0	0	0	-1	0	0	0	0	0	0	0	-1	0	0	0	0	0	0	-1	0	0	0	0	0	0	0	0	0	0	0	-1	0	0	0	0	0	0	0	0	0	-1	0	-1	0	0	0	0	-1	0	0	-1	0
NR_033968	GUSBP9	5	70516052	70555122	0	0	0	0	0	0	0	0	0	0	-1	0	0	-1	0	0	0	0	-1	0	0	0	0	0	0	0	-1	0	0	0	-1	0	0	0	0	0	0	0	-1	0	0	0	0	-1	0	0	0	0	0	0	0	0	0	0	0	-1	0	0	0	0	0	0	0	-1	0	0	0	0	0	0	-1	0	0	0	0	0	0	0	0	0	0	0	-1	0	0	0	0	0	0	0	0	0	-1	0	-1	0	0	0	0	-1	0	0	-1	0
NM_001271665	NSA2	5	74062815	74072737	0	0	0	0	0	0	0	0	0	0	-1	0	0	-1	0	0	0	0	-1	0	0	0	0	0	0	0	-1	0	0	0	-1	-1	0	0	0	0	0	0	-1	0	0	0	0	0	0	0	0	0	0	0	0	0	0	0	0	-1	0	0	0	0	0	0	0	0	0	0	0	0	0	0	-1	0	0	0	0	0	0	0	0	0	0	0	-1	0	0	0	0	0	0	0	0	0	-1	0	-1	0	0	0	0	0	0	0	-1	0
NM_001012761	RGMB	5	98104998	98132198	0	-1	0	0	0	0	0	0	-1	0	-1	0	-1	0	0	0	-1	-1	-1	0	0	0	-1	0	0	0	0	0	0	0	-1	-1	0	0	0	0	0	0	-1	0	0	0	0	0	0	0	0	0	0	0	0	-1	0	0	0	0	0	0	-1	0	0	0	0	0	0	0	0	0	0	0	0	0	0	-1	0	0	0	0	0	0	0	0	0	0	0	0	-1	0	0	0	0	0	-1	0	-1	0	-1	-1	0	0	0	0	0	0
NM_001258427	SLC4A9	5	139739786	139754722	0	0	0	0	0	0	0	0	0	0	0	0	-1	0	0	0	0	0	0	0	0	0	0	0	0	0	0	0	0	0	0	0	0	0	0	0	0	0	0	0	0	0	0	0	0	0	0	0	0	0	0	0	0	0	0	0	0	0	0	0	0	0	0	0	0	0	0	0	0	0	0	0	0	0	0	0	0	0	0	0	0	0	0	0	0	0	0	0	0	0	0	0	0	0	0	0	0	0	0	0	0	0	0	0
NM_080670	SLC35A4	5	139944419	139948683	0	0	0	0	0	0	0	0	0	0	0	0	-1	0	0	0	0	0	0	0	0	0	0	0	0	0	0	0	0	0	0	0	0	0	0	0	0	0	0	0	0	0	0	0	0	0	0	0	0	0	0	0	0	0	0	0	0	0	0	0	0	0	0	0	0	0	0	0	0	0	0	0	0	0	0	0	0	0	0	0	0	0	0	0	0	0	0	0	0	0	0	0	0	0	0	0	0	0	0	0	0	0	0	0
NM_005451	PDLIM7	5	176910394	176924602	0	0	0	0	0	0	0	0	0	0	0	0	0	0	0	0	0	0	0	0	0	0	0	0	0	0	0	0	0	0	0	0	0	0	0	0	0	0	0	0	0	0	0	0	0	0	0	0	0	0	0	0	0	0	0	0	0	0	0	0	0	0	0	0	0	0	0	0	0	0	0	0	0	0	0	0	0	0	0	0	0	0	0	0	0	0	0	0	0	0	0	0	0	0	0	0	0	0	0	0	0	0	0	0
NM_001195286	IRF4	6	391738	411443	0	0	0	0	0	0	0	0	0	0	0	0	0	0	0	0	0	0	0	1	0	0	1	0	0	0	0	0	0	0	0	0	0	0	0	0	0	0	0	0	0	0	0	0	0	0	0	0	0	0	0	0	0	0	0	0	0	0	0	0	0	0	0	0	0	0	0	0	0	0	0	0	0	0	0	0	0	0	0	0	0	0	0	0	0	0	0	0	0	0	0	0	0	0	0	0	0	0	0	0	0	0	0	0
NM_001165034	RNF182	6	13924676	13980240	0	0	0	0	0	0	0	0	0	0	0	0	0	0	0	0	0	0	0	1	0	0	0	0	0	0	0	-1	0	0	0	0	0	0	0	0	0	0	0	0	0	0	0	0	0	0	0	0	0	0	0	0	0	0	0	0	0	0	0	0	0	0	0	0	0	0	0	0	0	0	0	0	0	0	0	0	0	0	0	0	0	0	0	0	0	0	0	0	0	0	0	0	0	0	0	0	0	0	0	0	0	0	0	0
NR_039783	MIR4640	6	30858659	30858749	0	0	0	0	0	0	0	0	0	0	0	0	0	0	0	0	0	0	0	1	0	0	0	0	0	0	0	0	0	0	0	0	0	0	0	0	0	0	0	0	0	0	0	0	0	0	0	0	0	0	0	0	0	0	0	0	0	0	0	0	0	0	0	0	0	0	0	0	0	0	0	0	0	0	0	0	0	0	0	0	0	0	0	0	0	0	0	0	0	0	0	0	0	0	0	0	0	0	0	0	0	0	0	0
NM_006913	RNF5	6	32146161	32148570	0	0	0	0	0	0	0	0	0	0	0	0	0	0	0	0	0	0	0	1	0	0	0	0	0	0	0	0	0	0	0	0	0	0	0	0	0	0	0	0	0	0	0	0	0	0	0	0	0	0	0	0	0	0	0	0	0	0	0	0	0	0	0	0	0	0	0	0	0	0	0	0	0	0	0	0	0	0	0	0	0	0	0	0	0	0	0	0	0	0	0	0	0	0	0	0	0	0	0	0	0	0	0	0
NM_016059	PPIL1	6	36822605	36842800	0	0	0	0	0	0	0	0	0	0	0	0	0	0	0	0	0	0	0	1	0	0	0	0	0	0	0	0	0	0	0	0	0	0	0	0	0	0	0	0	0	0	0	0	0	0	0	0	0	0	0	0	0	0	0	0	0	0	0	0	0	0	0	0	0	0	0	0	0	0	0	0	0	0	0	0	0	0	0	0	0	0	0	0	0	0	0	0	0	0	0	0	0	0	0	0	0	0	0	0	0	0	0	0
NR_024015	TDRG1	6	40346162	40347631	0	0	0	0	0	1	0	0	0	0	0	0	0	0	0	0	0	0	0	1	0	0	0	0	0	0	0	0	0	0	0	0	0	0	0	0	0	0	0	0	0	0	0	0	0	0	0	0	0	0	0	0	0	0	0	0	0	0	0	0	0	0	0	0	0	0	0	0	0	0	0	0	0	0	0	0	0	0	0	0	0	0	0	0	0	0	0	0	0	0	0	0	0	0	0	0	0	-1	0	0	0	0	0	0
NR_033806;NM_181744	OPN5	6	47749774	47794116	0	0	0	0	0	1	0	0	0	0	0	0	0	0	0	0	0	0	0	1	0	0	0	0	0	0	0	0	0	-1	0	0	0	0	0	0	0	0	0	0	0	0	0	0	0	0	0	0	0	0	0	0	0	0	0	0	0	0	0	0	0	0	0	0	0	0	0	0	0	0	0	0	0	0	0	0	0	0	0	0	0	0	0	0	0	0	0	0	0	0	0	0	0	0	0	0	0	0	0	0	0	0	0	0
NR_046832	MLIP-IT1	6	53863687	53871950	0	0	0	0	0	1	0	0	0	0	0	0	0	0	0	0	0	0	0	1	0	0	0	0	0	0	0	0	0	-1	0	0	0	0	0	0	0	0	0	0	0	0	0	0	0	0	0	0	0	0	0	0	0	0	0	0	0	0	0	0	0	0	0	0	0	0	0	0	0	0	0	0	0	0	0	0	0	0	0	0	0	0	0	0	0	0	0	0	0	0	0	0	0	0	0	0	0	0	0	0	0	0	0	0
NM_000863	HTR1B	6	78171947	78173120	0	0	0	0	0	0	0	0	0	-1	-1	0	0	0	0	0	0	0	-1	1	0	0	0	0	0	0	0	0	0	-1	-1	-1	0	0	0	0	0	0	0	0	0	0	0	0	0	0	0	0	0	0	0	0	0	0	-1	0	0	0	0	0	0	-1	0	0	0	0	0	0	0	0	0	0	0	-1	0	0	0	0	0	0	0	0	0	0	0	-1	-1	-1	0	0	0	0	-1	0	0	0	-1	0	0	0	0	0	0	0
NM_000416	IFNGR1	6	137518620	137540567	0	0	0	0	0	0	0	0	0	0	0	0	0	0	0	0	0	0	0	1	0	0	0	0	0	0	0	0	0	0	0	0	0	0	0	0	0	0	0	0	0	0	0	0	0	0	0	0	0	0	0	0	0	0	0	0	0	0	0	0	0	0	0	0	0	0	0	0	0	0	0	0	0	0	0	0	0	0	0	0	0	0	0	-1	0	0	0	0	0	0	0	0	0	0	0	0	0	0	0	0	0	0	0	0
NR_033862	DKFZp451B082	6	163759373	163768065	0	0	0	0	0	-1	0	0	0	0	0	0	0	-1	0	0	0	0	0	1	0	0	0	0	0	0	0	0	0	-1	0	0	0	0	0	0	0	0	0	0	0	0	0	0	0	0	0	0	0	0	0	0	0	0	0	0	0	0	0	0	0	0	0	0	0	0	0	0	0	0	0	0	0	0	0	0	0	0	0	0	0	-1	0	0	0	0	0	0	0	0	0	0	0	0	0	0	0	0	0	0	0	0	0	0
NR_003952	ZNF733P	7	62751669	62764434	0	0	0	0	0	0	1	0	0	0	-1	0	0	0	0	0	1	0	0	1	0	0	0	0	0	0	0	0	0	0	0	0	0	0	1	0	0	0	0	0	0	0	0	0	0	0	1	1	0	0	0	0	0	0	0	0	0	0	0	0	0	0	1	0	0	0	0	0	0	0	0	0	0	0	0	0	0	0	0	0	0	0	0	0	0	1	0	0	0	0	0	0	0	0	0	0	1	0	0	0	0	0	0	0
NM_001017440;NM_031468	CALN1	7	71244475	71877360	0	0	0	0	0	0	1	0	0	0	-1	0	0	0	0	0	1	0	0	1	0	0	0	0	0	0	0	0	0	0	0	0	0	0	0	0	0	0	0	0	0	0	0	0	0	0	1	1	0	0	0	0	0	0	0	0	0	0	0	0	0	0	1	0	0	0	0	0	0	0	0	0	0	0	0	0	0	0	0	0	0	0	0	0	0	1	0	0	0	0	0	0	0	0	0	0	1	0	0	0	0	0	0	0
NM_001305	CLDN4	7	73245192	73247015	0	0	0	0	0	0	1	0	0	0	-1	0	0	0	0	0	1	0	0	1	0	0	0	0	0	0	0	0	0	0	0	0	0	0	1	0	0	0	0	0	0	0	0	0	0	0	1	1	0	0	0	0	0	0	0	0	0	0	0	0	0	0	1	0	0	0	0	0	0	0	0	0	0	0	0	0	0	0	0	0	0	0	0	0	0	1	0	0	0	0	0	0	0	0	0	0	1	0	0	0	0	0	0	0
NM_001185073	CLDN12	7	90032647	90045268	0	0	0	0	0	0	-1	0	0	0	1	0	0	0	0	0	1	0	0	1	0	0	0	0	0	0	0	0	0	0	0	0	0	0	1	0	0	0	0	0	0	0	0	0	0	0	1	1	0	0	0	0	0	0	0	0	0	0	0	0	0	0	1	0	0	1	0	1	0	0	0	0	0	0	0	0	0	0	0	0	0	0	0	0	0	1	0	0	0	0	0	0	0	0	0	0	1	0	0	0	0	0	0	0
NM_006980	MTERF	7	91502020	91510016	0	0	0	0	0	0	0	0	0	0	1	0	0	0	0	0	1	0	0	1	0	0	0	0	0	0	0	0	0	0	0	0	0	0	1	0	0	0	0	0	0	0	0	0	0	0	1	1	0	0	0	0	0	0	0	0	0	0	0	0	0	0	1	0	0	0	0	1	0	0	0	0	0	0	0	0	0	0	0	0	0	0	0	0	0	1	0	0	0	0	0	0	1	0	0	0	1	0	0	1	0	0	0	0
NM_001039178	ATP5J2	7	99055783	99063824	0	0	0	0	0	0	0	0	0	0	1	0	0	0	0	0	1	0	0	1	0	0	0	0	0	0	0	0	0	0	0	0	0	0	0	0	0	0	0	0	0	0	0	0	0	0	1	1	0	0	0	0	0	0	0	0	0	0	0	0	0	0	1	0	0	0	0	0	0	0	0	0	0	0	0	0	0	0	0	0	0	0	0	0	0	1	0	0	0	0	0	0	0	0	0	0	1	0	0	0	0	0	0	0
NM_004444	EPHB4	7	100400186	100425143	0	0	0	0	0	0	0	0	0	0	1	0	0	0	0	0	1	0	0	1	0	0	0	0	0	0	0	0	0	0	0	0	0	0	0	0	0	0	0	0	0	0	0	0	0	0	-1	0	0	0	0	0	0	0	0	0	0	0	0	0	0	0	1	0	0	0	0	0	0	0	0	0	0	0	0	0	0	-1	0	0	0	0	0	0	0	0	0	0	0	0	0	0	0	0	0	0	1	0	0	0	0	0	0	0
NM_199000	LHFPL3	7	103969103	104549003	0	0	0	0	0	0	-1	0	0	0	1	0	0	0	0	0	1	0	0	1	0	0	0	0	0	0	0	0	0	0	0	0	0	0	0	0	0	0	0	0	0	0	0	0	0	0	0	0	0	0	0	0	0	0	0	0	-1	0	0	0	0	0	1	0	0	0	0	1	0	0	0	0	0	0	0	0	0	0	0	0	0	0	0	0	0	1	0	0	0	-1	0	0	0	0	0	0	1	0	0	0	0	0	0	0
NM_001243523	LOC100130880	7	137638093	137642712	0	0	0	0	0	0	1	0	0	0	1	0	0	0	0	0	1	0	0	1	0	0	0	0	0	0	0	0	0	0	0	0	0	0	0	0	0	0	0	0	0	0	0	0	0	0	0	0	0	0	0	0	0	0	0	0	0	0	0	0	0	0	1	0	0	1	0	1	0	0	0	0	0	0	0	0	0	0	0	0	0	0	0	0	0	1	0	0	0	0	0	0	0	0	0	0	1	0	0	0	0	0	0	0
NR_027237	LOC728743	7	150102839	150109558	0	0	0	0	0	0	1	0	0	0	1	0	0	0	0	0	1	0	0	1	0	0	0	0	0	0	0	0	0	0	0	0	0	0	0	0	0	0	0	0	0	0	0	0	0	0	0	0	0	0	0	0	0	0	0	0	0	0	0	0	0	0	1	0	0	1	0	1	0	0	0	0	0	0	0	0	0	0	0	0	0	0	0	0	0	1	0	0	0	0	0	0	0	0	0	0	1	0	0	0	0	0	0	0
NM_003053	SLC18A1	8	20002365	20040717	0	0	0	0	-1	-1	-1	-1	-1	0	-1	0	0	0	0	0	0	0	-1	-1	-1	-1	0	-1	0	-1	-1	-1	0	-1	-1	-1	0	-1	0	0	0	-1	-1	0	0	0	-1	-1	0	0	-1	-1	-1	-1	0	0	-1	-1	-1	-1	0	0	-1	-1	0	0	1	-1	-1	0	-1	0	-1	0	-1	0	0	-1	0	0	0	0	0	-1	0	-1	-1	0	0	-1	0	0	-1	-1	0	0	-1	0	0	0	0	-1	-1	-1	0	-1	0	0
NM_001693	ATP6V1B2	8	20054703	20079207	0	0	0	0	-1	-1	-1	-1	-1	0	-1	0	0	0	0	0	0	0	-1	-1	-1	-1	0	-1	0	-1	-1	-1	0	-1	-1	-1	0	-1	0	0	0	-1	-1	0	0	0	-1	-1	0	0	-1	-1	-1	-1	0	0	-1	-1	-1	-1	0	0	-1	-1	0	0	1	-1	-1	0	-1	0	-1	0	-1	0	0	-1	0	0	0	0	0	-1	0	-1	-1	0	0	-1	0	0	-1	-1	0	0	-1	0	0	0	0	-1	-1	-1	0	-1	0	0
NM_021020	LZTS1	8	20103675	20112803	0	0	0	0	-1	-1	-1	-1	-1	0	-1	0	0	0	0	0	0	0	-1	-1	-1	-1	0	-1	0	-1	-1	-1	0	-1	-1	-1	0	-1	0	0	0	-1	-1	0	0	0	-1	-1	0	0	-1	-1	-1	-1	0	0	-1	-1	-1	-1	0	0	-1	-1	0	0	1	-1	-1	0	-1	0	-1	0	-1	0	0	-1	0	0	0	0	0	-1	0	-1	-1	0	0	-1	0	0	-1	-1	0	0	-1	0	0	0	0	-1	-1	-1	0	-1	0	0
NR_047509	LZTS1-AS1	8	20133283	20147969	0	0	0	0	-1	-1	-1	-1	-1	0	-1	0	0	0	0	0	0	0	-1	-1	-1	-1	0	-1	0	-1	-1	-1	0	-1	-1	-1	0	-1	0	0	0	-1	-1	0	0	0	-1	-1	0	0	-1	-1	-1	-1	0	0	-1	-1	-1	-1	0	0	-1	-1	0	0	1	-1	-1	0	-1	0	-1	0	-1	0	0	-1	0	0	0	0	0	-1	0	-1	-1	0	0	-1	0	0	-1	-1	0	0	-1	0	0	0	0	-1	-1	-1	0	-1	0	0
NR_033894	LOC286114	8	20831496	20852630	0	0	0	0	-1	-1	-1	-1	-1	0	-1	0	0	0	0	0	0	0	-1	-1	-1	-1	0	-1	0	-1	-1	-1	0	-1	-1	-1	0	-1	0	0	0	-1	-1	0	0	0	-1	-1	0	0	-1	-1	-1	-1	0	0	-1	-1	-1	-1	0	0	-1	-1	0	0	1	-1	-1	0	-1	0	-1	0	-1	0	0	-1	-1	0	0	0	0	-1	0	-1	-1	0	0	-1	0	0	-1	-1	0	0	-1	0	0	0	0	-1	-1	-1	0	-1	0	0
NM_001495	GFRA2	8	21549529	21646346	0	0	0	0	-1	-1	-1	-1	-1	0	-1	0	0	0	0	0	0	0	-1	-1	-1	-1	0	-1	0	-1	-1	-1	0	-1	-1	-1	0	-1	0	0	0	-1	-1	0	0	0	-1	-1	0	0	-1	-1	-1	-1	0	0	-1	-1	-1	-1	0	0	-1	-1	0	0	1	-1	-1	-1	-1	0	-1	0	-1	0	0	-1	-1	0	0	0	0	-1	0	-1	-1	0	0	-1	0	0	-1	-1	0	0	-1	0	0	0	0	-1	-1	-1	0	-1	0	0
NM_003974	DOK2	8	21766383	21771205	0	0	0	0	-1	-1	-1	-1	-1	0	-1	0	0	0	0	0	0	0	-1	-1	-1	-1	0	-1	0	-1	-1	-1	0	-1	-1	-1	0	-1	0	0	0	-1	-1	0	0	0	-1	-1	0	0	-1	-1	-1	-1	0	0	-1	-1	-1	-1	0	0	-1	-1	0	0	1	-1	-1	-1	-1	0	-1	0	-1	0	0	-1	-1	0	0	0	0	-1	0	-1	-1	0	0	-1	0	0	-1	-1	0	0	-1	0	0	0	0	-1	-1	-1	0	-1	0	0
NM_015024	XPO7	8	21777179	21864096	0	0	0	0	-1	-1	-1	-1	-1	0	-1	0	0	0	0	0	0	0	-1	-1	-1	-1	0	-1	0	-1	-1	-1	0	-1	-1	-1	0	-1	0	0	0	-1	-1	0	0	0	-1	-1	0	0	-1	-1	-1	-1	0	0	-1	-1	-1	-1	0	0	-1	-1	0	0	1	-1	-1	-1	-1	0	-1	0	-1	0	0	-1	-1	0	0	0	0	-1	0	-1	-1	0	0	-1	0	0	-1	-1	0	0	-1	0	0	0	0	-1	-1	-1	0	-1	0	0
NM_182795	NPM2	8	21882353	21894408	0	0	0	0	-1	-1	-1	-1	-1	0	-1	0	0	0	0	0	0	0	-1	-1	-1	-1	0	-1	0	-1	-1	-1	0	-1	-1	-1	0	-1	0	0	0	-1	-1	0	0	0	-1	-1	0	0	-1	-1	-1	-1	0	0	-1	-1	-1	-1	0	0	-1	-1	0	0	1	-1	-1	-1	-1	0	-1	0	-1	0	0	-1	-1	0	0	0	0	-1	0	-1	-1	0	0	-1	0	0	-1	-1	0	0	-1	0	0	0	0	-1	-1	-1	0	-1	0	0
NM_003867	FGF17	8	21900427	21906319	0	0	0	0	-1	-1	-1	-1	-1	0	-1	0	0	0	0	0	0	0	-1	-1	-1	-1	0	-1	0	-1	-1	-1	0	-1	-1	-1	0	-1	0	0	0	-1	-1	0	0	0	-1	-1	0	0	-1	-1	-1	-1	0	0	-1	-1	-1	-1	0	0	-1	-1	0	0	1	-1	-1	-1	-1	0	-1	0	-1	0	0	-1	-1	0	0	0	0	-1	0	-1	-1	0	0	0	0	0	-1	-1	0	0	-1	0	0	0	0	-1	-1	-1	0	-1	0	0
NM_001114135;NM_001114137	EPB49	8	21911080	21940036	0	0	0	0	-1	-1	-1	-1	-1	0	-1	0	0	0	0	0	0	0	-1	-1	-1	-1	0	-1	0	-1	-1	-1	0	-1	-1	-1	0	-1	0	0	0	-1	-1	0	0	0	-1	-1	0	0	-1	-1	-1	-1	0	0	-1	-1	-1	-1	0	0	-1	-1	0	0	1	-1	-1	-1	-1	0	-1	0	-1	0	0	-1	-1	0	0	0	0	-1	0	-1	-1	0	0	0	0	0	-1	-1	0	0	-1	0	0	0	0	-1	-1	-1	0	-1	0	0
NM_022749	FAM160B2	8	21946713	21961891	0	0	0	0	-1	-1	-1	-1	-1	0	-1	0	0	0	0	0	0	0	-1	-1	-1	-1	0	-1	0	-1	-1	-1	0	-1	-1	-1	0	-1	0	0	0	-1	-1	0	0	0	-1	-1	0	0	-1	-1	-1	-1	0	0	-1	-1	-1	-1	0	0	-1	-1	0	0	1	-1	-1	-1	-1	0	-1	0	-1	0	0	-1	-1	0	0	0	0	-1	0	-1	-1	0	0	0	0	0	-1	-1	0	0	-1	0	0	0	0	-1	-1	-1	0	-1	0	0
NM_024815	NUDT18	8	21964382	21966932	0	0	0	0	-1	-1	-1	-1	-1	0	-1	0	0	0	0	0	0	0	-1	-1	-1	-1	0	-1	0	-1	-1	-1	0	-1	-1	-1	0	-1	0	0	0	-1	-1	0	0	0	-1	-1	0	0	-1	-1	-1	-1	0	0	-1	-1	-1	-1	0	0	-1	-1	0	0	1	-1	-1	-1	-1	0	-1	0	-1	0	0	-1	-1	0	0	0	0	-1	0	-1	-1	0	0	0	0	0	-1	-1	0	0	-1	0	0	0	0	-1	-1	-1	0	-1	0	0
NM_018411	HR	8	21971931	21988565	0	0	0	0	-1	-1	-1	-1	-1	0	-1	0	0	0	0	0	0	0	-1	-1	-1	-1	0	-1	0	-1	-1	-1	0	-1	-1	-1	0	-1	0	0	0	-1	-1	0	0	0	-1	-1	0	0	-1	-1	-1	-1	0	0	-1	-1	-1	-1	0	0	-1	-1	0	0	1	-1	-1	-1	-1	0	-1	0	-1	0	0	-1	-1	0	0	0	0	-1	0	-1	-1	0	0	0	0	0	-1	-1	0	0	-1	0	0	0	0	-1	-1	-1	0	-1	0	0
NM_025232	REEP4	8	21995532	21999448	0	0	0	0	-1	-1	-1	-1	-1	0	-1	0	0	0	0	0	0	0	-1	-1	-1	-1	0	-1	0	-1	-1	-1	0	-1	-1	-1	0	-1	0	0	0	-1	-1	0	0	0	-1	-1	0	0	-1	-1	-1	-1	0	0	-1	-1	-1	-1	0	0	-1	-1	0	0	1	-1	-1	-1	-1	0	-1	0	-1	0	0	-1	-1	0	0	0	0	-1	0	-1	-1	0	0	0	0	0	-1	-1	0	0	-1	0	0	0	0	-1	-1	-1	0	-1	0	0
NM_139278	LGI3	8	22004342	22014344	0	0	0	0	-1	-1	-1	-1	-1	0	-1	0	0	0	0	0	0	0	-1	-1	-1	-1	0	-1	0	-1	-1	-1	0	-1	-1	-1	0	-1	0	0	0	-1	-1	0	0	0	-1	-1	0	0	-1	-1	-1	-1	0	0	-1	-1	-1	-1	0	0	-1	-1	0	0	1	-1	-1	-1	-1	0	-1	0	-1	0	0	-1	-1	0	0	0	0	-1	0	-1	-1	0	0	0	0	0	-1	-1	0	0	-1	0	0	0	0	-1	-1	-1	0	-1	0	0
NM_003018	SFTPC	8	22019183	22021991	0	0	0	0	-1	-1	-1	-1	-1	0	-1	0	0	0	0	0	0	0	-1	-1	-1	-1	0	-1	0	-1	-1	-1	0	-1	-1	-1	0	-1	0	0	0	-1	-1	0	0	0	-1	-1	0	0	-1	-1	-1	-1	0	0	-1	-1	-1	-1	0	0	-1	-1	0	0	1	-1	-1	-1	-1	0	-1	0	-1	0	0	-1	-1	0	0	0	0	-1	0	-1	-1	0	0	0	0	0	-1	-1	0	0	-1	0	0	0	0	-1	-1	-1	0	-1	0	0
NM_001199;NM_006129	BMP1	8	22022652	22069840	0	0	0	0	-1	-1	-1	-1	-1	0	-1	0	0	0	0	0	0	0	-1	-1	-1	-1	0	-1	0	-1	-1	-1	0	-1	-1	-1	0	-1	0	0	0	-1	-1	0	0	0	-1	-1	0	0	-1	-1	-1	-1	0	0	-1	-1	-1	-1	0	0	-1	-1	0	0	1	-1	-1	-1	-1	0	-1	0	-1	0	0	-1	-1	0	0	0	0	-1	0	-1	-1	0	0	0	0	0	-1	-1	0	0	-1	0	0	0	0	-1	-1	-1	0	-1	0	0
NM_001099335	PHYHIP	8	22077215	22089851	0	0	0	0	-1	-1	-1	-1	-1	0	-1	0	0	0	0	0	0	0	-1	-1	-1	-1	0	-1	0	-1	-1	-1	0	-1	-1	-1	0	-1	0	0	0	-1	-1	0	0	0	-1	-1	0	0	-1	-1	-1	-1	0	0	-1	-1	-1	-1	0	0	-1	-1	0	0	1	-1	-1	-1	-1	0	-1	0	-1	0	0	-1	-1	0	0	0	0	-1	0	-1	-1	0	0	0	0	0	-1	-1	0	0	-1	0	0	0	0	-1	-1	-1	0	-1	0	0
NR_029714	MIR320A	8	22102474	22102556	0	0	0	0	-1	-1	-1	-1	-1	0	-1	0	0	0	0	0	0	0	-1	-1	-1	-1	0	-1	0	-1	-1	-1	0	-1	-1	-1	0	-1	0	0	0	-1	-1	0	0	0	-1	-1	0	0	-1	-1	-1	-1	0	0	-1	-1	-1	-1	0	0	-1	-1	0	0	1	-1	-1	-1	-1	0	-1	0	-1	0	0	-1	-1	0	0	0	0	-1	0	-1	-1	0	0	0	0	0	-1	-1	0	0	-1	0	0	0	0	-1	-1	-1	0	-1	0	0
NM_001722	POLR3D	8	22102618	22108680	0	0	0	0	-1	-1	-1	-1	-1	0	-1	0	0	0	0	0	0	0	-1	-1	-1	-1	0	-1	0	-1	-1	-1	0	-1	-1	-1	0	-1	0	0	0	-1	-1	0	0	0	-1	-1	0	0	-1	-1	-1	-1	0	0	-1	-1	-1	-1	0	0	-1	-1	0	0	1	-1	-1	-1	-1	0	-1	0	-1	0	0	-1	-1	0	0	0	0	-1	0	-1	-1	0	0	0	0	0	-1	-1	0	0	-1	0	0	0	0	-1	-1	-1	0	-1	0	0
NM_018068	PIWIL2	8	22132809	22213584	0	0	0	0	-1	-1	-1	-1	-1	0	-1	0	0	0	0	0	0	0	-1	-1	-1	-1	0	-1	0	-1	-1	-1	0	-1	-1	-1	0	-1	0	0	0	-1	-1	0	0	0	-1	-1	0	0	-1	-1	-1	-1	0	0	-1	-1	-1	-1	0	0	-1	-1	0	0	1	-1	-1	-1	-1	0	-1	0	-1	0	0	-1	-1	0	0	0	0	-1	0	-1	-1	0	0	-1	0	-1	-1	-1	0	0	-1	0	0	0	0	-1	-1	-1	0	-1	-1	0
NM_001135154	SLC39A14	8	22224761	22291640	0	0	0	0	-1	-1	-1	-1	-1	0	-1	0	0	0	0	0	0	0	-1	-1	-1	-1	0	-1	0	-1	-1	-1	0	-1	-1	-1	0	-1	0	0	0	-1	-1	0	0	0	-1	-1	0	0	-1	-1	-1	-1	0	0	-1	-1	-1	-1	0	0	-1	-1	0	0	1	-1	-1	-1	-1	0	-1	0	-1	0	0	-1	-1	0	0	0	0	-1	0	-1	-1	0	0	-1	0	-1	-1	-1	0	0	-1	0	0	0	0	-1	-1	-1	0	-1	-1	0
NM_005605	PPP3CC	8	22298482	22398657	0	0	0	0	-1	-1	-1	-1	-1	0	-1	0	0	0	0	0	0	0	-1	-1	-1	-1	0	-1	0	-1	-1	-1	0	-1	-1	-1	0	-1	0	0	0	-1	-1	0	0	0	-1	-1	0	0	-1	-1	-1	-1	0	0	-1	-1	-1	-1	0	0	-1	-1	0	0	1	-1	-1	-1	-1	0	-1	0	-1	0	0	-1	-1	0	0	0	0	-1	0	-1	-1	-1	0	-1	0	-1	-1	-1	0	0	-1	0	0	0	0	-1	-1	-1	0	-1	-1	0
NM_005775	SORBS3	8	22409250	22433008	0	0	0	0	-1	-1	-1	-1	-1	0	-1	0	0	0	0	0	0	0	-1	-1	-1	-1	0	-1	0	-1	-1	-1	0	-1	-1	-1	0	-1	0	0	0	-1	-1	0	0	0	-1	-1	0	0	-1	-1	-1	-1	0	0	-1	-1	-1	-1	0	0	-1	-1	0	0	1	0	-1	-1	-1	0	-1	0	-1	0	0	-1	-1	0	0	0	0	-1	0	-1	-1	-1	0	-1	0	-1	-1	-1	0	0	-1	0	0	0	0	-1	-1	-1	0	-1	-1	0
NM_021630;NM_176871	PDLIM2	8	22436253	22455538	0	0	0	0	-1	-1	-1	-1	-1	0	-1	0	0	0	0	0	0	0	-1	-1	-1	-1	0	-1	0	-1	-1	-1	0	-1	-1	-1	0	-1	0	0	0	-1	-1	0	0	0	-1	-1	0	0	-1	-1	-1	-1	0	0	-1	-1	-1	-1	0	0	-1	-1	0	0	1	0	-1	-1	-1	0	-1	0	-1	0	0	-1	-1	0	0	0	0	-1	0	-1	-1	-1	0	-1	0	-1	-1	-1	0	0	-1	0	0	0	0	-1	-1	-1	0	-1	-1	0
NM_001013842	C8orf58	8	22457113	22461662	0	0	0	0	-1	-1	-1	-1	-1	0	-1	0	0	0	0	0	0	0	-1	-1	-1	-1	0	-1	0	-1	-1	-1	0	-1	-1	-1	0	-1	0	0	0	-1	-1	0	0	0	-1	-1	0	0	-1	-1	-1	-1	0	0	-1	-1	-1	-1	0	0	-1	-1	0	0	1	0	-1	-1	-1	0	-1	0	-1	0	0	-1	-1	0	0	0	0	-1	0	-1	-1	-1	0	-1	0	-1	-1	-1	0	0	-1	0	0	0	0	-1	-1	-1	0	-1	-1	0
NM_021174;NR_033902	KIAA1967	8	22462144	22477983	0	0	0	0	-1	-1	-1	-1	-1	0	-1	0	0	0	0	0	0	0	-1	-1	-1	-1	0	-1	0	-1	-1	-1	0	-1	-1	-1	0	-1	0	0	0	-1	-1	0	0	0	-1	-1	0	0	-1	-1	-1	-1	0	0	-1	-1	-1	-1	0	0	-1	-1	0	0	1	0	-1	-1	-1	0	-1	0	-1	0	0	-1	-1	0	0	0	0	-1	0	-1	-1	-1	0	-1	0	-1	-1	-1	0	0	-1	0	0	0	0	-1	-1	-1	0	-1	-1	0
NM_018688	BIN3	8	22477946	22526661	0	0	0	0	-1	-1	-1	-1	-1	0	-1	0	0	0	0	0	0	0	-1	-1	-1	-1	0	-1	0	-1	-1	-1	0	-1	-1	-1	0	-1	0	0	0	-1	-1	0	0	0	-1	-1	0	0	-1	-1	-1	-1	0	0	-1	-1	-1	-1	0	0	-1	-1	0	0	1	0	-1	-1	-1	0	-1	0	-1	0	0	-1	-1	0	0	0	0	-1	0	-1	-1	-1	0	-1	0	-1	-1	-1	0	0	-1	0	0	0	0	-1	-1	-1	0	-1	-1	0
NR_027715	FLJ14107	8	22497883	22499722	0	0	0	0	-1	-1	-1	-1	-1	0	-1	0	0	0	0	0	0	0	-1	-1	-1	-1	0	-1	0	-1	-1	-1	0	-1	-1	-1	0	-1	0	0	0	-1	-1	0	0	0	-1	-1	0	0	-1	-1	-1	-1	0	0	-1	-1	-1	-1	0	0	-1	-1	0	0	1	0	-1	-1	-1	0	-1	0	-1	0	0	-1	-1	0	0	0	0	-1	0	-1	-1	-1	0	-1	0	-1	-1	-1	0	0	-1	0	0	0	0	-1	-1	-1	0	-1	-1	0
NM_001199880;NM_004430	EGR3	8	22545173	22550815	0	0	0	0	-1	-1	-1	-1	-1	0	-1	0	0	0	0	0	0	0	-1	-1	-1	-1	0	-1	0	-1	-1	-1	0	-1	-1	-1	0	-1	0	0	0	-1	-1	0	0	0	-1	-1	0	0	-1	-1	-1	-1	0	0	-1	-1	-1	-1	0	0	-1	-1	0	0	1	0	-1	-1	-1	0	-1	0	-1	0	0	-1	-1	0	0	0	0	-1	0	-1	-1	-1	0	-1	0	-1	-1	-1	0	0	-1	0	0	0	0	-1	-1	-1	0	-1	-1	0
NM_144962	PEBP4	8	22570764	22785421	0	0	0	0	-1	-1	-1	-1	-1	0	-1	0	0	0	0	0	0	0	-1	-1	-1	-1	0	-1	0	-1	-1	-1	0	-1	-1	-1	0	-1	0	0	0	-1	-1	0	0	0	-1	-1	0	0	-1	-1	-1	-1	0	0	-1	-1	-1	-1	0	0	-1	-1	0	0	1	0	-1	-1	-1	0	-1	0	-1	0	0	-1	-1	0	0	0	0	-1	0	-1	-1	-1	0	-1	0	-1	-1	-1	0	0	-1	0	0	0	0	-1	-1	-1	0	-1	-1	0
NM_001160036	RHOBTB2	8	22844929	22877710	0	0	0	0	-1	-1	-1	-1	-1	0	-1	0	0	0	0	0	0	0	-1	-1	-1	-1	0	-1	0	-1	-1	-1	0	-1	-1	-1	0	-1	0	0	0	-1	-1	0	0	0	-1	-1	0	0	-1	-1	-1	-1	0	0	-1	-1	-1	-1	0	0	-1	-1	0	0	1	0	-1	-1	-1	0	-1	0	-1	0	0	-1	-1	0	0	0	0	-1	0	-1	-1	-1	0	-1	0	-1	-1	-1	0	0	-1	0	0	0	0	-1	-1	-1	0	-1	-1	0
NM_003842	TNFRSF10B	8	22877647	22926700	0	0	0	0	-1	-1	-1	-1	-1	0	-1	0	0	0	0	0	0	0	-1	-1	-1	-1	0	-1	0	-1	-1	-1	0	-1	-1	-1	0	-1	0	0	0	-1	-1	0	0	0	-1	-1	0	0	-1	-1	-1	-1	0	0	-1	-1	-1	-1	0	0	-1	-1	0	0	1	0	-1	-1	-1	0	-1	0	-1	0	0	-1	-1	0	0	0	0	-1	0	-1	-1	-1	0	-1	0	-1	-1	-1	0	0	-1	0	0	0	0	-1	-1	-1	0	-1	0	0
NR_038873	LOC286059	8	22925741	22941132	0	0	0	0	-1	-1	-1	-1	-1	0	-1	0	0	0	0	0	0	0	-1	-1	-1	-1	0	-1	0	-1	-1	-1	0	-1	-1	-1	0	-1	0	0	0	-1	-1	0	0	0	-1	-1	0	0	-1	-1	-1	-1	0	0	-1	-1	-1	-1	0	0	-1	-1	0	0	1	0	-1	-1	-1	0	-1	0	-1	0	0	-1	-1	0	0	0	0	-1	0	-1	-1	0	0	-1	0	-1	-1	-1	0	0	-1	0	0	0	0	-1	-1	-1	0	-1	0	0
NR_046173	LOC254896	8	22941867	22961070	0	0	0	0	-1	-1	-1	-1	-1	0	-1	0	0	0	0	0	0	0	-1	-1	-1	-1	0	-1	0	-1	-1	-1	0	-1	-1	-1	0	-1	-1	0	0	-1	-1	0	0	0	-1	-1	0	0	-1	-1	-1	-1	0	0	-1	-1	-1	-1	0	0	-1	-1	0	0	1	0	-1	-1	-1	0	-1	0	-1	0	0	-1	-1	0	0	0	0	-1	0	-1	-1	0	0	-1	0	-1	-1	-1	0	0	-1	0	0	0	0	-1	-1	-1	0	-1	0	0
NM_003841	TNFRSF10C	8	22960326	22974950	0	0	0	0	-1	-1	-1	-1	-1	0	-1	0	0	0	0	0	0	0	-1	-1	-1	-1	0	-1	0	-1	-1	-1	0	-1	-1	-1	0	-1	-1	0	0	-1	-1	0	0	0	-1	-1	0	0	-1	-1	-1	-1	0	0	-1	-1	-1	-1	0	0	-1	-1	0	0	1	0	-1	-1	-1	0	-1	0	-1	0	0	-1	-1	0	0	0	0	-1	0	-1	-1	0	0	-1	0	-1	-1	-1	0	0	-1	0	0	0	0	-1	-1	-1	0	-1	0	0
NM_003840	TNFRSF10D	8	22993100	23021543	0	0	0	0	-1	-1	-1	-1	-1	0	-1	0	0	0	0	0	0	0	-1	-1	-1	-1	0	-1	0	-1	-1	-1	0	-1	-1	-1	0	-1	-1	0	0	-1	-1	0	0	0	-1	-1	0	0	-1	-1	-1	-1	0	0	-1	-1	-1	-1	0	0	-1	-1	0	0	1	0	-1	-1	-1	0	-1	0	-1	0	0	-1	-1	0	0	0	0	-1	0	-1	-1	0	0	-1	0	-1	-1	-1	0	0	-1	0	0	0	0	-1	-1	-1	0	-1	0	0
NM_003844	TNFRSF10A	8	23048969	23082680	0	0	0	0	-1	-1	-1	-1	-1	0	-1	0	0	0	0	0	0	0	-1	-1	-1	-1	0	-1	0	-1	-1	-1	0	-1	-1	-1	0	-1	-1	0	0	-1	-1	0	0	0	-1	-1	0	0	-1	-1	-1	-1	0	0	-1	-1	-1	-1	0	0	-1	-1	0	0	1	0	-1	-1	-1	0	-1	0	-1	0	0	-1	-1	0	0	0	0	-1	0	-1	-1	0	0	-1	0	-1	-1	-1	0	0	-1	0	0	0	0	-1	-1	-1	0	-1	0	0
NR_033928	LOC389641	8	23082733	23088439	0	0	0	0	-1	-1	-1	-1	-1	0	-1	0	0	0	0	0	0	0	-1	-1	-1	-1	0	-1	0	-1	-1	-1	0	-1	-1	-1	0	-1	-1	0	0	-1	-1	0	0	0	-1	-1	0	0	-1	-1	-1	-1	0	0	-1	-1	-1	-1	0	0	-1	-1	0	0	1	0	-1	-1	-1	0	-1	0	-1	0	0	-1	-1	0	0	0	0	-1	0	-1	-1	0	0	-1	0	-1	-1	-1	0	0	-1	0	0	0	0	-1	-1	-1	0	-1	0	0
NM_152272	CHMP7	8	23101149	23119512	0	0	0	0	-1	-1	-1	-1	-1	0	-1	0	0	0	0	0	0	0	-1	-1	-1	-1	0	-1	0	-1	-1	-1	0	-1	-1	-1	0	-1	-1	0	0	-1	-1	0	0	0	-1	-1	0	0	-1	-1	-1	-1	0	0	-1	-1	-1	-1	0	0	-1	-1	0	0	1	0	-1	-1	-1	0	-1	0	-1	0	0	-1	-1	0	0	0	0	-1	0	-1	-1	0	0	-1	0	-1	-1	-1	0	0	-1	0	0	0	0	-1	-1	-1	0	-1	0	0
NM_001136108	R3HCC1	8	23145611	23153792	0	0	0	0	-1	-1	-1	-1	-1	0	-1	0	0	0	0	0	0	0	-1	-1	-1	-1	0	-1	0	-1	-1	-1	0	-1	-1	-1	0	-1	-1	0	0	-1	-1	0	0	0	-1	-1	0	0	-1	-1	-1	-1	0	0	-1	-1	-1	-1	0	0	-1	-1	0	0	1	0	-1	-1	-1	0	-1	0	-1	0	0	-1	-1	0	0	0	0	-1	0	-1	-1	0	0	-1	0	-1	-1	-1	0	0	-1	0	0	0	0	-1	-1	-1	0	-1	0	0
NM_002318	LOXL2	8	23154409	23261722	0	0	0	0	-1	-1	-1	-1	-1	0	-1	0	0	0	0	0	0	0	-1	-1	-1	-1	0	-1	0	-1	-1	-1	0	-1	-1	-1	0	-1	-1	0	0	-1	-1	0	0	0	-1	-1	0	0	-1	-1	-1	-1	0	0	-1	-1	-1	-1	0	0	-1	-1	0	0	1	0	-1	-1	-1	0	-1	0	-1	0	0	-1	-1	0	0	0	0	-1	0	-1	-1	0	0	-1	0	-1	-1	-1	0	0	-1	0	0	0	0	-1	-1	-1	0	-1	0	0
NR_038323	LOC100507156	8	23193720	23223638	0	0	0	0	-1	-1	-1	-1	-1	0	-1	0	0	0	0	0	0	0	-1	-1	-1	-1	0	-1	0	-1	-1	-1	0	-1	-1	-1	0	-1	-1	0	0	-1	-1	0	0	0	-1	-1	0	0	-1	-1	-1	-1	0	0	-1	-1	-1	-1	0	0	-1	-1	0	0	1	0	-1	-1	-1	0	-1	0	-1	0	0	-1	-1	0	0	0	0	-1	0	-1	-1	0	0	-1	0	-1	-1	-1	0	0	-1	0	0	0	0	-1	-1	-1	0	-1	0	0
NM_001128930	ENTPD4	8	23286664	23315244	0	0	0	0	-1	-1	-1	-1	-1	0	-1	0	0	0	0	0	0	0	-1	-1	-1	-1	0	-1	0	-1	-1	-1	0	-1	-1	-1	0	-1	-1	0	0	-1	-1	0	0	0	-1	-1	0	0	-1	-1	-1	-1	0	0	-1	-1	-1	-1	0	0	-1	-1	0	0	1	0	-1	-1	-1	0	-1	0	-1	0	0	-1	-1	0	0	0	0	-1	0	-1	-1	0	0	-1	0	-1	-1	-1	0	0	-1	0	0	0	0	-1	-1	-1	0	-1	0	0
NM_016612	SLC25A37	8	23386362	23430063	0	0	0	0	-1	-1	-1	-1	-1	0	-1	0	0	0	0	0	0	0	-1	-1	-1	-1	0	-1	0	-1	-1	-1	0	-1	-1	-1	0	-1	-1	0	0	-1	-1	0	0	0	-1	-1	0	0	-1	-1	-1	-1	0	0	-1	-1	-1	-1	0	0	-1	-1	0	0	1	0	-1	-1	-1	0	-1	0	-1	0	0	-1	-1	0	0	0	0	-1	0	-1	-1	0	0	0	0	-1	-1	-1	0	0	-1	0	0	0	0	-1	-1	-1	0	-1	0	0
NM_006167	NKX3-1	8	23536205	23540450	0	0	0	0	-1	-1	-1	-1	-1	0	-1	0	0	0	0	0	0	0	-1	-1	-1	-1	0	-1	0	-1	-1	-1	0	-1	-1	-1	0	-1	-1	0	0	-1	-1	0	0	0	-1	-1	0	0	-1	-1	-1	-1	0	0	-1	-1	-1	-1	0	0	-1	-1	0	0	1	0	-1	-1	-1	0	-1	0	-1	0	0	-1	-1	0	0	0	0	-1	0	-1	-1	0	0	0	0	-1	-1	-1	0	0	-1	0	0	0	0	-1	-1	-1	0	-1	0	0
NM_001136271	NKX2-6	8	23559963	23564111	0	0	0	0	-1	-1	-1	-1	-1	0	-1	0	0	0	0	0	0	0	-1	-1	-1	-1	0	-1	0	-1	-1	-1	0	-1	-1	-1	0	-1	-1	0	0	-1	-1	0	0	0	-1	-1	0	0	-1	-1	-1	-1	0	0	-1	-1	-1	-1	0	0	-1	-1	0	0	1	0	-1	-1	-1	0	-1	0	-1	0	0	-1	-1	0	0	0	0	-1	0	-1	-1	0	0	-1	0	-1	-1	-1	0	0	-1	0	0	0	0	-1	-1	-1	0	-1	0	0
NM_003155	STC1	8	23699433	23712320	0	0	0	0	-1	-1	-1	-1	-1	0	-1	0	0	0	0	0	0	0	-1	-1	-1	-1	0	-1	0	-1	-1	-1	0	-1	-1	-1	0	-1	-1	0	0	-1	-1	0	0	0	-1	-1	0	0	-1	-1	-1	-1	0	0	-1	-1	-1	-1	0	0	-1	-1	0	0	1	0	-1	-1	-1	0	-1	0	-1	0	0	0	-1	0	0	0	0	-1	0	-1	-1	0	0	-1	0	-1	-1	-1	0	0	-1	0	0	0	0	-1	-1	-1	0	-1	0	0
NM_014265	ADAM28	8	24151579	24212726	0	0	0	0	-1	-1	-1	-1	-1	0	-1	0	0	0	0	0	0	0	-1	-1	-1	-1	0	-1	0	-1	-1	-1	0	-1	-1	-1	0	-1	-1	0	0	-1	-1	0	0	0	-1	-1	0	0	-1	-1	-1	-1	0	0	-1	-1	-1	-1	0	0	-1	-1	0	0	1	0	-1	-1	-1	0	-1	0	-1	0	0	0	-1	0	0	0	0	-1	0	-1	-1	0	0	-1	0	-1	-1	-1	0	0	-1	0	0	0	0	-1	-1	-1	0	-1	0	0
NM_001145272	ADAMDEC1	8	24241797	24263526	0	0	0	0	-1	-1	-1	-1	-1	0	-1	0	0	0	0	0	0	0	-1	-1	-1	-1	0	-1	0	-1	-1	-1	0	-1	-1	-1	0	-1	-1	0	0	-1	-1	0	0	0	-1	-1	0	0	-1	-1	-1	-1	0	0	-1	-1	-1	-1	0	0	-1	-1	0	0	1	0	-1	-1	-1	0	-1	0	-1	0	0	0	-1	0	0	0	0	-1	0	-1	-1	0	0	-1	0	-1	-1	-1	0	0	-1	0	0	0	0	-1	-1	-1	0	-1	0	0
NM_002717	PPP2R2A	8	26149006	26230195	0	0	0	0	-1	-1	0	-1	-1	0	-1	0	0	0	0	0	0	0	-1	-1	-1	-1	0	0	0	-1	-1	-1	0	-1	-1	-1	-1	-1	-1	0	0	-1	-1	0	0	0	-1	-1	0	0	-1	-1	-1	-1	0	0	-1	-1	-1	-1	0	0	-1	-1	0	0	1	0	-1	-1	-1	0	-1	0	-1	0	0	0	-1	0	0	0	0	-1	0	-1	-1	0	0	-1	0	0	-1	-1	0	0	-1	0	0	0	0	-1	-1	-1	0	-1	0	0
NM_018246	CCDC25	8	27590832	27630170	0	0	0	0	-1	-1	0	-1	-1	0	-1	0	0	0	0	0	0	0	-1	-1	-1	-1	0	0	0	-1	-1	-1	0	-1	-1	-1	-1	-1	-1	0	0	-1	0	0	0	0	-1	-1	0	0	-1	-1	-1	-1	0	0	-1	-1	-1	0	0	0	-1	-1	0	0	1	-1	-1	-1	-1	0	-1	0	-1	0	0	0	-1	0	0	0	0	-1	0	-1	-1	0	0	-1	0	0	-1	-1	0	0	-1	0	0	0	0	-1	-1	-1	0	-1	-1	0
NM_001242318	PDE7A	8	66626568	66753969	0	1	0	0	0	0	0	1	0	0	0	0	0	0	0	0	0	0	0	1	0	0	1	0	0	0	0	0	0	0	0	1	0	0	0	0	0	0	0	0	0	0	0	0	0	0	0	0	0	-1	0	0	0	0	0	0	0	1	0	0	0	0	1	0	0	0	0	0	0	0	0	0	0	0	0	0	0	0	0	0	0	0	0	0	0	0	0	0	1	0	0	0	0	0	0	0	0	0	0	0	0	0	0	0
NR_049894	MIR5708	8	81153623	81153708	0	1	0	0	0	0	1	1	0	0	0	0	0	0	0	0	0	0	0	1	0	0	1	0	0	0	0	0	0	0	0	1	0	0	0	0	0	0	0	0	0	0	0	0	0	0	0	0	0	-1	0	0	0	0	0	0	0	1	0	0	0	0	1	0	0	0	0	0	0	0	0	0	0	0	0	0	0	0	0	0	0	0	0	0	0	0	0	0	1	1	0	0	0	0	0	0	0	0	0	0	0	0	0	0
NM_001442	FABP4	8	82390731	82395473	0	1	0	0	0	0	1	1	0	0	0	0	0	0	0	0	0	0	0	1	0	0	1	0	0	0	0	0	0	0	0	1	0	0	0	0	0	0	0	0	0	0	0	0	0	0	0	0	0	-1	0	0	0	0	0	0	0	0	0	0	0	0	1	0	0	0	0	0	0	0	0	0	0	0	0	0	0	0	0	0	0	0	0	0	0	0	0	0	1	1	0	0	0	0	0	0	0	0	0	0	0	0	0	0
NM_001144878	IMPA1	8	82569150	82598589	0	1	0	0	0	0	1	1	0	0	0	0	0	0	0	0	0	0	0	1	0	0	1	0	0	0	0	0	0	0	0	1	0	0	0	0	0	0	-1	0	0	0	0	0	0	0	0	0	0	-1	0	0	0	0	0	0	0	0	0	0	0	0	1	0	0	0	0	0	0	0	0	0	0	0	0	0	0	0	0	0	0	0	0	0	0	0	0	0	1	1	0	0	0	0	0	0	0	0	0	0	0	0	0	0
NR_027321	LOC157381	8	125954249	125963337	0	1	0	0	0	1	1	1	0	0	0	0	0	0	0	0	0	0	0	1	0	0	1	0	0	0	0	0	0	0	0	1	0	0	1	0	0	0	0	0	0	0	0	0	0	0	0	0	0	0	0	0	0	0	0	0	0	0	0	0	0	0	1	0	0	0	0	0	0	0	0	0	0	0	0	0	0	0	0	0	0	1	0	0	0	0	0	0	1	1	0	0	0	0	0	0	0	0	0	0	0	0	0	0
NM_012472	LRRC6	8	133584446	133687813	0	1	0	0	0	1	1	1	0	0	0	0	0	0	0	0	0	0	0	1	0	0	1	0	1	0	0	0	0	0	0	1	0	0	1	0	0	0	0	0	0	0	0	0	0	0	0	0	0	0	0	0	0	0	0	0	0	0	0	0	0	0	1	0	0	0	0	0	0	0	0	0	0	0	0	0	0	0	0	0	0	1	0	0	0	0	0	0	1	1	0	0	0	0	0	0	0	0	0	0	0	0	0	0
NM_004260	RECQL4	8	145736666	145743210	0	1	0	0	0	1	1	1	0	0	0	0	0	0	0	0	0	0	0	1	0	0	0	0	1	1	1	0	0	0	1	1	0	0	1	0	1	0	1	0	0	0	0	0	0	0	0	0	0	0	1	0	1	0	0	1	0	1	0	0	0	0	1	1	0	0	0	0	0	0	0	0	0	0	0	0	0	0	0	1	0	0	0	0	0	0	0	0	1	1	0	0	1	0	0	0	0	0	0	0	0	0	0	0
NM_025251	ARHGAP39	8	145754562	145838888	0	1	0	0	0	1	1	1	0	0	0	0	0	0	0	0	0	0	0	1	0	0	0	0	1	1	1	0	0	0	1	1	0	0	1	0	1	0	1	0	0	0	0	0	0	0	0	0	0	0	1	0	1	0	0	1	0	1	0	0	0	0	1	1	0	0	0	0	0	0	0	0	0	0	0	0	0	0	0	1	0	0	0	0	0	0	0	0	1	1	0	0	1	0	0	0	0	0	0	0	0	0	0	0
NM_001099223	IFT74	9	26947036	27062931	0	0	0	0	0	0	0	0	0	0	0	0	0	0	0	0	0	0	0	1	0	0	0	0	0	0	0	0	0	0	0	0	0	0	0	0	0	0	0	0	0	0	0	0	0	0	0	0	0	0	0	0	0	0	0	0	0	0	0	0	0	0	1	0	0	0	0	0	0	0	0	0	0	0	0	0	0	0	0	0	0	0	0	0	0	0	0	0	0	0	0	0	0	0	0	0	0	0	0	0	0	0	0	0
NM_002197	ACO1	9	32384600	32450832	0	0	0	0	0	0	0	0	0	0	0	0	0	0	0	0	0	0	0	1	0	0	0	0	0	0	0	0	0	0	0	0	0	0	0	0	0	0	0	0	0	0	0	0	0	0	0	0	0	0	0	0	0	0	0	0	0	0	0	0	0	0	1	0	0	0	0	0	0	0	0	0	0	0	0	0	0	0	0	0	0	0	0	0	0	0	0	0	0	0	0	0	0	0	0	0	0	0	0	-1	0	0	0	0
NM_033655	CNTNAP3	9	39072763	39288300	0	0	0	0	0	0	0	0	0	0	0	0	0	0	0	0	0	0	0	1	0	0	0	0	0	0	0	0	0	0	0	0	0	0	0	0	0	0	0	0	0	0	0	0	0	0	0	0	0	0	0	0	0	0	0	0	0	0	0	0	0	0	1	0	0	0	0	0	0	0	0	0	0	0	0	0	0	0	0	0	0	0	0	0	0	0	0	0	0	0	0	0	0	0	0	0	0	0	0	0	0	0	0	0
NM_001145124	SPATA31C1	9	90532876	90538572	0	0	0	0	0	0	1	0	0	0	0	0	0	0	0	0	0	0	0	1	0	0	0	0	0	0	0	0	0	0	0	0	0	0	1	0	0	0	0	0	0	0	0	0	0	0	0	0	0	0	0	0	0	0	0	0	0	0	0	0	0	0	1	0	0	0	0	0	0	0	0	0	0	0	0	0	0	0	0	0	0	0	0	0	0	0	0	0	0	0	0	0	0	0	0	0	0	0	0	0	0	0	0	0
NM_001142413	C9orf47	9	91605777	91611057	0	0	0	0	0	0	0	0	0	0	0	0	0	0	0	0	0	0	0	1	0	0	0	0	0	0	0	0	0	0	0	0	0	0	-1	0	0	0	0	0	0	0	0	0	0	0	0	0	0	0	0	0	0	0	0	0	0	0	0	0	0	0	1	0	0	0	0	0	0	0	0	0	0	0	0	0	0	0	0	0	0	0	0	0	0	0	0	0	0	0	0	0	0	0	0	0	0	0	0	0	0	0	0	0
NM_001139442	TTLL11	9	124584203	124855885	0	0	0	0	0	0	1	0	0	0	0	0	0	0	0	0	0	0	0	1	0	0	0	0	0	0	0	0	0	0	0	0	0	0	0	0	0	0	0	0	0	0	0	0	0	0	0	0	0	0	0	0	0	0	0	0	0	0	0	0	0	0	1	0	0	0	0	0	0	0	0	0	0	0	0	0	0	0	0	0	0	0	0	0	0	0	0	0	0	0	0	0	0	0	0	0	0	0	0	0	0	0	0	0
NM_182487	OLFML2A	9	127539436	127577159	0	0	0	0	0	0	1	0	0	0	0	0	0	0	0	0	0	0	0	1	0	0	0	0	0	0	0	0	0	0	0	0	0	0	0	0	0	0	0	0	0	0	0	0	0	0	0	0	0	0	0	0	0	0	0	0	0	0	0	0	0	0	1	0	0	0	0	0	0	0	0	0	0	0	0	0	0	0	0	0	0	0	0	0	0	0	0	-1	0	0	0	0	0	0	0	0	0	0	0	0	0	0	0	0
NM_006336	ZER1	9	131492066	131534213	0	0	0	0	0	0	1	0	0	0	0	0	0	0	0	0	0	0	0	1	0	0	0	0	0	0	0	0	0	0	0	0	0	0	0	0	0	0	0	0	0	0	0	0	0	0	0	0	0	0	0	0	0	0	0	0	0	0	0	0	0	0	1	0	0	0	0	0	0	0	0	0	0	0	0	0	0	0	0	0	0	0	0	0	0	0	0	0	0	0	0	0	0	0	0	0	0	0	0	0	0	0	0	0
NM_020438	DOLPP1	9	131843382	131852717	0	0	0	0	0	0	0	0	0	0	0	0	0	0	0	0	0	0	0	1	0	0	0	0	0	0	-1	0	0	0	-1	0	0	0	0	0	0	0	0	0	0	0	0	0	0	0	0	0	0	0	0	0	0	0	0	0	0	0	0	0	0	0	1	0	0	0	0	0	0	0	0	0	0	0	0	0	0	0	0	0	0	0	0	0	0	0	0	0	0	0	0	0	0	0	0	0	0	0	0	0	0	0	0	0
NR_027632	FAM35B	10	46897640	46939145	0	0	0	0	1	1	0	0	0	-1	0	0	0	0	0	0	0	-1	0	-1	0	0	-1	0	0	0	1	0	0	1	0	0	0	1	0	0	0	0	0	0	1	0	0	0	1	0	1	0	0	0	0	0	0	0	0	0	0	0	0	0	0	0	0	0	1	0	0	0	0	0	0	1	0	0	1	0	0	0	0	0	0	0	0	0	0	0	0	0	0	1	0	0	0	0	0	0	0	1	0	0	0	-1	0	0
NR_072978	BMS1P2	10	47225570	47243511	0	0	0	0	1	1	0	0	0	-1	0	0	0	0	0	0	0	-1	0	-1	0	0	-1	0	0	0	1	0	0	1	0	-1	0	1	0	0	0	0	-1	0	1	-1	0	0	1	0	1	0	0	0	0	0	0	0	0	0	0	0	0	0	0	0	0	0	0	0	1	0	0	0	0	0	0	1	1	0	0	0	0	0	0	0	0	0	0	0	0	1	0	1	0	0	0	0	0	0	0	0	-1	0	-1	-1	0	0
NM_003631	PARG	10	51026324	51371331	0	0	0	0	0	1	0	0	0	-1	0	0	0	0	0	0	-1	-1	0	-1	0	0	0	0	0	0	0	0	0	0	0	0	0	0	0	0	0	0	0	0	0	0	0	0	0	-1	0	-1	0	0	0	0	0	0	0	0	0	0	0	0	0	0	0	0	0	0	0	0	0	0	0	0	0	0	0	0	0	0	0	0	0	0	0	0	0	0	0	0	0	0	0	0	0	0	0	0	0	0	0	0	0	-1	0	0
NM_001278	CHUK	10	101948123	101989344	0	-1	0	0	0	0	0	0	0	-1	-1	0	0	0	0	0	0	0	0	0	0	0	0	-1	0	0	0	-1	0	0	0	0	-1	0	0	0	0	0	0	0	0	0	0	0	0	-1	0	0	0	-1	0	0	0	0	0	0	0	0	0	0	0	0	0	0	0	0	0	0	0	0	0	-1	0	0	0	0	0	0	0	0	0	0	0	0	0	0	0	0	0	0	0	0	0	0	0	0	0	0	0	-1	0	-1	0	0
NR_036114	MIR3158-1	10	103361173	103361254	0	-1	0	0	0	0	0	0	0	-1	-1	0	0	0	0	0	0	0	0	0	0	0	-1	-1	0	0	0	-1	0	0	0	0	-1	0	0	0	0	0	0	0	0	0	0	0	0	0	0	0	0	-1	0	0	0	-1	0	0	0	0	0	0	0	0	0	0	0	0	0	0	0	0	0	-1	0	0	0	0	0	0	0	0	0	0	0	0	0	0	0	0	0	0	0	0	0	0	0	0	0	-1	0	-1	0	-1	0	0
NR_038938	LOC100505761	10	104209573	104216050	0	-1	0	0	0	0	0	0	0	-1	-1	0	0	0	0	0	0	0	0	0	0	0	-1	0	0	0	0	-1	0	0	0	0	-1	0	0	0	0	0	0	0	0	0	0	0	0	-1	0	0	0	0	0	0	0	-1	0	0	0	0	0	0	0	0	0	0	0	0	0	0	0	0	0	-1	0	0	0	0	0	0	0	0	0	0	0	0	0	0	0	0	0	0	0	0	0	0	0	0	0	-1	0	-1	0	-1	0	0
NR_037644	C10orf32-AS3MT	10	104613966	104661655	0	-1	0	0	0	0	0	0	0	-1	-1	0	0	0	0	0	0	0	0	0	0	0	0	0	0	0	0	-1	0	0	0	0	-1	0	0	0	0	0	0	0	0	0	0	0	0	-1	0	0	0	0	0	0	0	-1	-1	0	0	0	0	0	0	0	0	0	0	0	0	0	0	0	0	-1	0	0	0	0	0	0	0	0	0	0	0	0	0	0	0	0	0	0	0	0	0	0	0	0	0	-1	0	-1	0	-1	0	0
NM_005445	SMC3	10	112327448	112364392	0	0	0	0	0	0	0	0	0	-1	0	0	0	0	0	0	0	0	0	0	0	0	0	0	0	0	0	-1	0	0	0	0	0	0	0	0	0	0	0	0	0	0	0	0	0	-1	0	0	0	0	0	0	0	0	0	0	0	0	0	0	0	0	0	0	0	0	0	0	0	0	0	0	0	0	0	0	0	0	0	0	0	0	0	0	0	0	0	0	0	0	0	0	0	0	0	0	0	0	0	-1	0	-1	0	0
NM_000681	ADRA2A	10	112836789	112840662	0	0	0	0	0	0	0	-1	0	-1	0	0	0	0	0	0	0	0	0	0	0	0	0	0	0	0	0	-1	0	0	0	0	0	0	0	0	0	0	0	0	0	0	0	0	0	-1	0	0	0	0	0	0	0	0	0	0	0	0	0	0	0	0	0	0	0	0	0	0	0	0	0	0	0	0	0	0	0	0	0	0	0	0	0	0	0	0	0	0	0	0	0	0	0	0	0	0	0	0	0	-1	0	-1	0	0
NM_001012302	ANO9	11	417929	442011	1	0	0	0	0	0	1	0	0	0	0	0	0	0	0	0	0	0	0	0	0	0	0	0	1	1	1	0	0	0	1	1	0	0	0	0	1	0	1	0	0	0	0	0	0	0	0	0	0	0	1	0	1	0	0	1	0	1	0	0	0	0	0	1	0	0	0	0	0	0	0	1	0	0	0	0	0	0	0	0	0	0	0	0	0	0	0	0	0	0	0	0	1	0	0	0	0	0	-1	0	0	-1	0	0
NR_002196	H19	11	2016405	2019065	0	0	0	0	0	0	1	0	0	0	0	0	0	0	0	0	0	0	0	0	0	0	0	0	0	1	1	0	0	0	1	1	0	0	0	0	1	0	1	0	0	0	0	0	0	0	0	0	0	0	1	0	1	0	0	1	0	1	0	0	0	1	0	1	0	0	0	0	0	0	0	1	0	0	0	0	0	1	0	1	0	0	0	0	0	0	0	0	0	-1	0	0	1	0	0	1	0	0	0	0	0	0	0	0
NM_014818	TRIM66	11	8633583	8680383	0	0	0	0	0	0	0	0	0	0	0	0	0	0	0	0	0	0	0	0	0	0	0	0	0	0	0	0	0	0	0	0	0	0	0	0	0	0	0	0	0	0	0	0	0	0	0	0	0	0	0	0	0	0	0	0	0	0	0	0	0	0	0	0	0	0	0	0	0	0	0	0	0	0	0	0	0	0	0	0	0	0	0	0	0	0	0	0	0	0	0	0	0	0	0	0	0	0	0	0	0	0	0	0
NM_001004726	OR4X1	11	48285412	48286330	0	0	0	0	0	0	0	0	0	0	0	0	0	-1	0	0	0	0	0	0	0	0	0	0	0	0	0	0	0	0	-1	0	0	0	0	0	0	0	0	0	0	-1	0	0	0	0	0	0	0	0	0	0	0	0	0	0	0	0	0	0	0	0	0	0	0	0	0	0	0	0	0	0	-1	0	0	0	0	0	0	0	0	0	0	0	0	0	0	0	0	0	0	0	0	0	0	0	0	0	0	0	0	0	0	0
NR_033853	LOC283194	11	58701115	58825925	0	0	0	0	0	1	0	0	0	0	0	0	0	0	0	0	0	0	0	0	0	0	0	0	0	0	0	0	0	0	0	0	0	0	0	0	0	0	0	0	0	0	0	0	0	0	0	0	0	0	0	0	0	0	0	0	0	0	0	0	0	0	0	0	0	0	0	0	0	0	0	0	0	0	0	0	0	0	0	0	0	0	0	0	0	0	0	0	0	0	0	0	0	0	0	0	0	0	0	0	0	0	0	0
NM_053056	CCND1	11	69455872	69469242	0	0	0	0	0	1	1	0	0	0	0	0	0	1	0	0	0	0	0	1	0	0	0	0	0	1	1	1	0	0	1	1	0	0	1	0	1	1	1	0	0	1	1	0	1	0	1	0	1	0	1	1	1	0	1	1	1	1	0	1	1	1	1	1	1	1	0	1	1	0	1	1	0	0	1	1	0	1	1	1	0	0	-1	0	1	-1	0	0	0	0	0	1	1	1	0	-1	1	1	1	1	1	1	1	0
NM_005472	KCNE3	11	74165885	74178600	0	0	0	0	0	1	0	0	0	0	0	0	0	0	0	0	0	0	0	0	0	0	0	0	0	0	0	0	0	0	0	0	0	0	0	0	0	0	0	0	0	0	0	0	0	0	0	0	0	0	0	0	0	0	0	0	0	0	0	0	0	0	0	0	0	0	0	0	0	0	0	0	0	0	0	0	0	0	0	0	0	0	0	0	0	0	0	0	0	0	0	0	0	0	0	0	0	0	0	0	0	0	0	0
NM_006591	POLD3	11	74303574	74354105	0	0	0	0	0	1	0	0	0	0	0	0	0	0	0	0	0	0	0	0	0	0	0	0	0	0	0	0	0	0	0	0	0	0	0	0	0	0	0	0	0	0	0	0	0	0	0	0	0	0	0	0	0	0	0	0	0	0	0	0	0	0	0	0	0	0	0	0	0	0	0	0	0	0	0	0	0	0	0	0	0	0	0	0	0	0	0	0	0	0	0	0	0	0	0	0	0	0	0	0	0	0	0	0
NR_024042	GUCY2EP	11	76391209	76432833	0	0	0	0	0	1	0	0	0	0	0	0	0	0	0	0	0	0	0	0	0	0	0	0	0	0	0	0	0	0	0	0	0	0	0	0	0	0	0	0	0	0	0	0	0	0	0	0	0	0	0	0	0	0	0	0	0	0	0	0	0	0	0	0	0	0	0	0	0	0	0	0	0	0	0	0	0	0	0	0	0	0	0	0	0	0	0	0	0	0	0	0	0	0	0	0	0	0	0	0	0	0	0	0
NM_003251	THRSP	11	77774906	77779403	0	0	0	0	0	1	0	0	0	0	0	0	0	0	0	0	0	0	0	0	0	0	0	0	0	0	0	0	0	0	0	0	0	0	0	0	0	0	0	0	0	0	0	0	0	0	0	0	0	0	0	0	0	0	0	0	0	0	0	0	0	0	0	0	0	0	0	0	0	0	0	0	0	0	0	0	0	0	0	0	0	0	0	0	0	0	0	0	0	0	0	0	0	0	0	0	0	0	0	0	0	0	0	0
NM_001195234	TRIM49C	11	89764273	89775193	0	0	0	0	0	1	0	0	0	0	0	0	0	0	0	0	0	0	0	0	0	0	0	0	0	0	0	0	0	0	0	0	0	0	0	0	0	0	0	0	0	0	0	0	0	0	0	0	0	0	0	0	0	0	0	0	0	0	0	0	0	0	0	0	0	0	0	0	0	0	0	0	0	0	0	0	0	0	0	0	0	0	0	0	0	0	0	0	-1	0	0	0	0	0	0	0	0	0	0	0	0	0	0	0
NM_022761	C11orf1	11	111749947	111754797	0	0	0	0	0	1	0	0	0	0	0	0	0	0	0	0	0	0	0	0	0	0	0	0	0	0	0	0	0	0	0	0	0	0	0	0	0	0	0	0	0	0	0	0	0	0	0	-1	0	0	0	0	0	0	0	0	0	0	0	0	0	0	0	0	0	-1	0	0	0	0	0	0	0	0	0	0	0	0	0	0	0	0	0	0	0	0	0	0	-1	0	0	0	0	0	0	0	0	0	0	0	0	-1	0	0
NM_001004463	OR10G7	11	123908772	123909708	0	0	0	0	0	1	0	0	0	0	0	0	0	0	0	0	0	0	0	0	0	0	0	0	0	0	0	0	0	0	0	0	0	0	0	0	0	0	0	0	0	0	0	0	0	0	0	0	0	0	0	0	0	0	0	0	0	0	0	0	0	0	0	0	0	-1	0	0	0	0	0	0	0	0	0	0	0	0	0	0	0	0	0	0	0	0	0	0	-1	0	0	0	0	0	0	0	0	0	0	0	0	0	0	0
NM_014622	VWA5A	11	123986110	124017618	0	0	0	0	0	1	0	0	0	0	0	0	0	0	0	0	0	0	0	0	0	0	0	0	0	0	0	0	0	0	0	0	0	0	0	0	0	0	0	0	0	0	0	0	0	0	0	0	0	0	0	0	0	0	0	0	0	0	0	0	0	0	0	0	0	-1	0	0	0	0	0	0	0	0	0	0	0	0	0	0	0	0	0	0	0	0	0	0	-1	0	0	0	0	0	0	0	0	0	0	0	0	0	0	0
NR_002803	RPL13P5	12	6993144	6993768	0	0	0	0	0	0	0	0	0	0	0	0	0	0	0	0	0	0	0	0	0	0	0	0	1	0	0	0	0	0	-1	0	0	0	0	0	0	0	0	0	0	0	0	0	0	0	0	0	-1	-1	0	0	0	0	0	0	0	0	0	0	0	0	1	-1	0	-1	0	0	0	0	0	0	0	0	0	0	0	0	0	0	0	-1	0	-1	0	0	0	0	0	0	0	0	0	0	-1	0	0	0	0	-1	0	0	0	0
NR_033796	DSTNP2	12	6993845	6994950	0	0	0	0	0	0	0	0	0	0	0	0	0	0	0	0	0	0	0	0	0	0	0	0	1	0	0	0	0	0	-1	0	0	0	0	0	0	0	0	0	0	0	0	0	0	0	0	0	-1	-1	0	0	0	0	0	0	0	0	0	0	0	0	1	-1	0	-1	0	0	0	0	0	0	0	0	0	0	0	0	0	0	0	-1	0	-1	0	0	0	0	0	0	0	0	0	0	-1	0	0	0	0	-1	0	0	0	0
NR_002951	SNORA2B	12	49061239	49061376	0	0	0	0	0	0	0	0	0	0	0	0	0	0	0	0	0	0	0	0	0	0	0	0	0	0	0	0	0	0	0	0	0	0	0	0	0	0	0	0	0	0	0	0	0	0	0	0	0	0	0	0	0	0	0	0	0	0	0	0	0	0	1	0	0	0	0	0	0	0	0	0	0	0	0	0	0	0	0	0	0	0	0	0	0	0	0	0	0	0	0	0	0	0	0	0	0	0	0	0	0	0	0	0
NM_001005493	OR6C6	12	55688071	55689016	0	0	0	0	0	0	0	0	0	0	0	0	0	0	0	0	0	0	0	0	0	0	0	0	1	0	0	0	0	0	0	0	0	0	0	0	0	0	0	0	0	0	0	0	0	0	0	0	0	0	0	0	0	0	0	0	0	0	0	0	0	0	1	0	0	0	0	0	0	0	0	0	0	0	0	0	0	0	0	0	0	0	0	0	0	0	0	0	0	0	0	0	0	0	0	0	0	0	0	0	0	0	0	0
NM_006191	PA2G4	12	56498102	56507694	0	0	0	0	0	1	0	0	0	0	0	0	0	0	0	0	0	0	0	0	0	0	0	0	1	0	0	0	0	0	0	0	0	0	0	0	0	0	0	0	0	0	0	0	0	0	0	0	0	0	0	0	0	0	0	0	0	0	0	0	0	0	1	0	0	0	0	0	0	0	0	0	0	0	0	0	0	0	0	0	0	0	0	0	0	0	0	0	0	0	0	0	0	0	0	0	0	0	0	0	0	0	0	0
NM_001731	BTG1	12	92534053	92539673	0	0	0	0	0	0	0	0	0	0	0	0	0	0	0	0	0	0	0	0	0	0	0	0	1	0	0	0	0	0	0	0	0	0	0	0	0	0	0	0	0	0	0	0	0	0	0	0	0	0	0	0	0	0	0	0	0	0	0	0	0	0	1	0	0	0	0	0	0	0	0	0	0	0	0	0	0	0	0	0	0	-1	0	0	0	0	0	0	0	0	0	0	0	0	0	0	0	0	0	0	0	0	0	0
NM_003095	SNRPF	12	96252708	96260238	0	0	0	0	0	0	0	0	0	0	0	0	0	0	0	0	0	0	0	0	0	0	0	-1	1	0	0	0	0	0	0	0	0	0	0	0	0	0	0	0	0	0	0	0	0	0	0	0	0	0	0	0	0	0	0	0	0	0	0	0	0	0	1	0	0	0	0	0	0	0	0	0	0	0	0	0	0	0	0	0	0	0	0	0	0	0	0	0	0	0	0	0	0	0	0	0	0	0	0	0	0	0	0	0
NM_003362;NM_080911	UNG	12	109535398	109548798	0	0	0	0	0	0	0	0	0	0	0	0	0	0	0	0	0	0	0	0	0	0	0	0	0	0	0	0	0	0	0	0	0	0	0	0	0	0	0	0	0	0	0	0	0	0	0	0	0	0	0	0	0	0	0	0	0	0	0	0	0	0	1	0	0	0	0	0	0	0	0	0	0	0	0	0	0	0	0	0	0	0	0	0	0	0	0	0	0	0	0	0	0	0	0	0	0	0	0	0	0	0	0	0
NM_001164373;NM_001164372	GPN3	12	110890290	110906526	0	0	0	0	0	0	0	0	0	0	0	0	0	0	0	0	0	0	0	0	-1	0	0	0	0	0	0	0	0	0	0	0	0	0	0	0	0	0	0	0	0	0	0	0	0	0	0	0	0	0	0	0	0	0	0	0	0	0	0	0	0	0	1	0	0	0	0	0	0	0	0	0	0	0	0	0	0	0	0	0	0	0	0	0	0	0	0	0	0	0	0	0	0	0	0	0	0	0	0	0	0	0	0	0
NR_038290	LOC100507091	12	123565930	123569291	0	0	0	0	0	0	0	0	0	0	-1	0	0	0	0	0	0	0	0	0	0	0	0	0	0	0	0	0	0	0	0	0	0	0	0	0	0	0	0	0	0	0	0	0	0	0	0	0	0	0	0	0	0	0	0	0	0	0	0	0	0	0	1	0	0	0	0	0	0	0	0	0	0	0	0	0	0	0	0	0	0	0	0	0	0	0	0	0	0	0	0	0	0	0	0	0	0	0	0	-1	0	0	0	0
NM_001271866	GTF2H3	12	124118285	124147151	0	0	0	0	0	0	0	0	0	0	-1	0	0	0	0	0	0	0	0	0	0	0	0	-1	0	0	0	0	0	0	0	0	0	0	0	0	0	0	0	0	0	0	0	0	0	0	0	0	0	0	0	0	0	0	0	0	0	0	0	0	0	0	1	0	0	0	0	0	-1	0	0	0	0	0	0	0	0	0	0	0	0	0	0	0	0	0	0	0	0	0	0	0	0	0	0	0	0	0	0	-1	0	0	0	0
NM_000059	BRCA2	13	32889616	32973809	0	-1	0	-1	0	0	-1	0	0	1	0	0	0	0	0	0	0	0	0	0	0	0	0	0	0	0	0	0	0	0	0	0	0	0	0	0	0	0	0	0	0	-1	0	0	0	0	0	0	0	0	0	0	0	0	0	0	0	0	-1	0	0	0	-1	-1	0	0	-1	0	0	0	0	-1	-1	0	0	-1	0	0	0	0	0	0	0	0	0	0	0	0	-1	0	0	0	0	0	0	0	0	-1	0	0	0	0	0	0
NM_016617	UFM1	13	38923941	38937143	-1	-1	0	-1	0	0	0	0	0	0	0	0	0	0	0	0	0	0	0	-1	0	-1	0	0	-1	0	0	0	0	0	-1	0	-1	0	0	0	0	0	0	0	0	-1	0	0	0	0	0	0	0	0	0	0	0	0	0	0	0	0	-1	-1	0	-1	-1	-1	0	0	-1	0	0	0	0	-1	0	0	0	0	0	0	0	0	0	0	0	-1	0	0	0	0	-1	0	0	0	0	0	0	0	0	-1	0	0	0	-1	0	0
NR_034002	MCF2L-AS1	13	113621797	113622952	0	0	0	0	0	0	1	-1	0	-1	0	0	0	0	1	0	0	0	0	0	0	0	0	0	0	0	0	0	0	0	0	1	0	0	0	0	-1	1	0	0	0	-1	0	0	0	-1	0	0	0	1	0	0	0	0	0	0	0	-1	0	0	0	0	0	0	0	1	0	0	0	0	1	-1	0	1	0	0	0	1	0	0	0	0	0	0	0	0	0	0	1	0	0	0	0	0	1	0	0	0	0	0	0	-1	0	1
NM_003891	PROZ	13	113812967	113826698	0	0	0	0	0	0	1	-1	0	-1	0	0	0	0	1	0	0	0	0	0	0	0	0	0	0	0	0	0	0	0	0	1	0	0	0	0	0	1	0	0	0	-1	0	0	1	-1	0	0	0	1	0	0	0	0	0	0	0	0	0	0	0	0	0	0	0	1	0	0	0	0	0	-1	0	1	0	0	0	0	1	0	0	0	0	0	1	0	0	0	1	0	0	0	0	0	0	0	0	0	1	1	1	-1	1	1
NM_000270	PNP	14	20937537	20946165	0	0	0	0	0	0	0	0	0	0	0	0	0	0	0	0	0	0	0	1	0	-1	0	0	0	0	0	0	0	-1	0	0	0	0	0	0	0	0	0	0	0	0	0	0	0	-1	0	0	0	0	0	0	0	0	0	0	0	0	0	0	0	0	0	0	0	0	0	0	0	0	0	0	0	0	0	0	0	0	0	0	0	0	0	0	0	0	0	0	0	0	0	0	0	0	0	0	0	0	0	0	0	0	0	0
NM_021249;NM_152233	SNX6	14	35030617	35099366	0	0	0	0	0	0	0	0	0	0	0	0	0	0	0	0	0	0	0	1	0	-1	0	0	0	0	0	0	0	0	0	0	0	0	0	0	0	0	0	0	0	0	0	0	0	0	0	0	0	0	0	0	0	0	0	0	0	0	0	0	0	0	0	0	0	0	0	0	0	0	0	0	0	0	0	0	0	0	0	0	0	0	0	0	0	0	0	0	0	0	0	0	0	0	-1	0	0	0	0	0	0	0	0	0
NM_003082	SNAPC1	14	62229074	62263146	0	0	0	0	0	0	0	0	0	0	0	0	0	0	0	0	0	0	0	1	0	-1	0	0	0	0	0	0	0	-1	0	0	0	0	0	0	0	0	0	0	0	0	0	0	0	0	0	0	0	0	0	0	0	0	0	0	0	0	0	0	0	0	0	0	0	0	0	0	0	0	0	0	0	0	0	0	0	0	0	0	0	0	0	0	0	0	0	0	-1	0	0	-1	0	0	-1	0	0	0	0	0	0	0	0	0
NR_015358	LINC00643	14	62584074	62600903	0	0	0	0	0	0	0	0	0	0	0	0	0	0	0	0	0	0	0	1	0	-1	0	0	0	0	0	0	0	-1	0	0	0	0	0	0	0	0	0	0	0	0	0	0	0	0	0	0	0	0	0	0	0	0	0	0	0	0	0	0	0	0	0	0	0	0	0	0	0	0	0	0	0	0	0	0	0	0	0	0	0	0	0	0	0	0	0	0	-1	0	0	0	0	0	0	0	0	0	0	0	0	0	0	0
NM_004569	PIGH	14	68056022	68067017	0	0	0	0	0	0	0	0	0	0	0	0	0	0	0	0	0	0	0	1	0	-1	0	0	0	0	0	0	0	0	0	0	0	0	0	0	0	0	0	0	0	0	0	0	0	0	0	0	0	0	0	0	0	0	0	0	0	0	-1	0	0	0	0	0	0	-1	0	0	0	0	0	0	0	0	0	0	0	0	0	0	0	0	0	0	0	0	0	0	-1	0	0	0	0	0	0	0	0	0	0	0	0	0	0	0
NM_001039479	KIAA0317	14	75127954	75179807	0	0	0	0	0	0	0	0	0	0	0	0	0	0	0	0	0	0	0	1	0	-1	0	0	0	0	0	0	0	-1	0	0	0	0	0	0	0	0	0	0	0	0	0	0	0	0	0	0	0	0	0	0	0	0	0	0	0	0	-1	0	0	0	0	0	0	-1	0	0	0	0	0	0	0	0	0	0	0	0	0	0	0	0	0	0	0	0	0	0	-1	0	0	-1	0	0	-1	0	0	0	0	0	0	-1	0	0
NR_026774	LINC00239	14	102196773	102198862	0	0	0	0	0	0	0	0	0	0	0	0	0	0	0	0	0	0	0	1	0	-1	0	0	0	0	0	0	0	-1	0	0	0	0	0	0	0	0	0	0	0	0	0	0	0	0	0	0	0	0	0	0	0	0	0	0	0	0	0	0	0	0	0	0	0	0	0	0	0	0	0	0	0	0	0	0	0	0	0	0	0	0	0	0	0	0	0	0	-1	0	0	0	0	0	0	0	0	0	0	0	0	-1	0	0
NR_026800	KIAA0125	14	106383837	106398502	0	1	1	0	1	0	1	1	1	1	1	0	1	1	1	0	1	1	1	1	1	1	1	1	0	1	1	1	0	1	1	1	1	1	1	0	1	1	1	0	1	1	1	1	1	1	1	1	1	1	1	1	1	1	1	1	1	1	1	1	1	1	1	1	1	1	1	1	1	1	1	1	1	1	1	1	1	1	1	1	1	1	1	1	1	1	1	1	1	1	1	1	1	1	1	1	1	0	1	1	1	0	1	1
NR_002224	ADAM6	14	106435818	106438358	0	1	1	0	1	0	1	1	1	1	1	0	1	1	1	0	1	1	1	1	1	1	1	1	0	1	1	1	0	1	1	1	1	1	1	0	1	1	1	0	1	1	1	1	1	1	1	1	1	1	1	1	1	1	1	1	1	1	1	1	1	1	1	1	1	1	1	1	1	1	1	1	1	1	1	1	1	1	1	1	1	1	1	1	1	1	1	1	1	1	1	1	1	1	1	1	1	0	1	1	1	1	1	1
NR_033375	LINC00226	14	106744268	106744966	0	1	1	0	1	0	1	1	1	1	1	0	1	1	1	0	1	1	1	1	1	1	1	1	0	1	1	1	1	1	1	1	1	1	1	0	1	1	1	0	1	1	1	1	1	1	1	0	1	1	1	1	1	1	1	1	1	1	1	1	1	1	1	1	0	1	0	1	1	1	1	1	1	1	1	0	1	1	1	1	0	1	1	1	1	1	1	1	1	1	1	0	1	1	1	0	1	1	1	1	1	1	1	0
NR_027457	LINC00221	14	106938454	106951529	0	1	1	0	0	0	1	0	1	1	1	0	1	1	1	0	0	0	1	1	1	0	1	0	0	0	1	1	0	-1	1	1	1	1	0	0	1	1	0	0	1	1	1	0	0	1	1	1	0	1	1	1	1	0	1	0	1	0	0	1	1	0	1	1	1	1	0	0	0	0	0	0	1	0	1	0	1	1	1	1	1	0	0	0	1	0	1	1	0	1	0	1	0	0	1	0	1	1	0	1	1	-1	1	1
NR_003342	SNORD115-25	15	25460687	25460769	0	0	0	0	0	1	0	0	0	0	0	0	0	0	0	0	0	0	0	0	0	0	0	0	1	0	0	0	0	0	0	1	0	0	0	0	0	0	0	0	0	0	0	0	0	0	0	0	0	0	0	0	0	0	0	0	0	0	0	0	0	0	0	0	0	0	0	0	0	0	0	0	0	0	0	0	0	0	0	0	0	0	0	0	0	0	0	0	1	0	0	0	0	0	0	0	0	0	0	0	0	1	0	0
NM_002420;NM_001252020	TRPM1	15	31293263	31453476	0	0	0	0	0	0	0	0	0	0	0	0	0	0	0	0	0	0	0	0	0	0	0	0	0	0	0	0	0	-1	0	0	0	0	0	0	0	0	0	0	0	0	0	0	0	0	0	0	0	0	0	0	0	0	0	0	0	0	0	0	0	0	0	0	0	0	0	0	0	0	0	0	0	0	0	0	0	0	0	0	0	0	0	0	0	0	0	0	0	0	0	0	0	0	0	0	0	0	0	0	0	0	0	0
NM_014547	TMOD3	15	52121824	52204331	0	0	0	0	0	0	0	0	0	0	0	0	0	0	0	0	0	0	0	0	0	0	0	0	0	0	0	0	0	0	0	0	0	0	0	0	0	0	0	0	0	0	0	0	0	0	0	0	0	0	0	0	0	0	0	0	0	0	-1	0	0	0	0	0	0	0	0	0	0	0	0	0	0	0	0	0	0	0	0	0	0	0	0	0	0	0	0	0	0	0	0	0	0	0	0	0	0	0	0	0	0	0	0	0
NM_152451	MYZAP	15	57884101	57977562	0	0	0	0	0	0	-1	0	0	0	0	0	0	0	0	0	0	0	0	0	0	0	0	0	0	0	0	0	0	0	0	0	0	0	0	0	0	0	0	0	0	0	0	0	0	0	0	0	0	0	0	0	0	0	0	0	0	0	-1	0	0	0	0	0	0	0	0	0	0	0	0	0	0	0	0	0	0	0	0	0	0	0	0	0	0	0	0	0	0	0	0	0	0	0	0	0	0	-1	0	0	0	0	0	0
NM_145160	MAP2K5	15	67835020	68099455	0	0	0	0	0	0	0	0	0	0	0	0	0	0	0	0	0	0	0	0	0	0	0	0	0	0	0	0	0	0	0	0	0	0	0	0	0	0	0	0	0	0	0	0	0	0	0	0	0	0	0	0	0	0	0	0	0	0	0	0	0	0	0	-1	0	0	0	0	0	0	0	0	0	0	0	0	0	0	0	0	0	0	0	0	0	0	0	0	0	0	0	0	0	0	0	0	0	0	0	0	0	0	0	0
NM_002201	ISG20	15	89182038	89198879	0	0	0	0	0	0	0	0	0	0	0	0	0	0	0	0	0	0	0	0	0	0	0	0	0	0	0	0	0	0	0	0	0	0	0	0	0	0	0	0	0	0	0	0	0	0	0	0	0	0	0	0	0	0	0	0	0	0	0	0	0	0	0	0	0	0	0	0	0	0	0	0	0	0	0	0	0	0	0	0	0	0	0	0	0	0	0	0	0	0	0	0	0	0	0	0	0	0	0	0	0	0	0	0
NM_001017919	RCCD1	15	91498105	91506355	0	0	0	0	0	0	0	0	0	0	0	0	0	0	0	0	0	0	0	0	0	0	0	0	0	0	0	0	0	0	0	0	0	0	0	0	0	0	0	0	0	0	0	0	0	0	0	0	0	0	0	0	0	0	0	0	0	0	0	0	0	0	0	0	0	0	0	0	0	0	0	0	0	0	0	0	0	0	0	0	0	0	0	0	0	0	0	0	0	0	0	0	0	0	0	0	0	0	0	0	0	0	0	0
NM_152334	TARSL2	15	102193954	102264645	0	0	0	0	0	1	0	0	0	0	0	0	0	0	0	0	0	0	0	0	0	0	0	0	0	0	0	0	0	0	0	0	0	0	0	0	0	0	0	0	0	0	0	0	0	0	0	0	0	0	0	0	0	0	0	0	0	0	0	0	0	0	0	0	0	0	0	0	0	0	0	0	0	0	0	0	0	0	0	0	0	0	0	0	0	0	0	0	0	0	0	0	0	0	0	0	0	0	0	0	0	0	0	0
NM_020705	TBC1D24	16	2525146	2555734	0	0	1	0	0	1	0	0	0	0	0	0	0	0	0	0	0	0	0	1	0	0	0	0	1	0	0	0	0	0	0	0	0	0	0	0	0	0	0	0	0	0	0	0	0	0	0	0	0	0	0	0	0	0	0	1	0	0	0	0	0	0	0	0	0	0	0	0	0	0	0	0	0	0	0	0	0	0	0	0	0	0	0	0	0	0	-1	0	0	0	0	-1	0	0	0	-1	-1	-1	-1	-1	0	0	-1	-1
NM_031948	PRSS27	16	2762422	2770552	0	0	1	0	0	1	0	0	0	0	0	0	0	0	0	0	0	0	0	1	0	0	0	0	0	0	0	0	0	0	0	0	0	0	0	0	0	0	0	0	0	0	0	0	0	0	0	0	0	0	0	0	0	0	0	0	0	0	0	0	0	0	0	0	0	0	0	0	0	0	0	0	0	0	0	0	0	0	0	0	0	0	0	0	0	0	0	0	0	0	0	0	0	0	0	0	0	0	0	0	0	0	0	0
NM_153208	IQCK	16	19727777	19868859	0	0	1	0	0	0	0	0	0	0	0	0	0	0	0	0	0	0	0	1	0	0	0	0	0	0	0	0	0	0	0	0	0	0	0	0	0	0	0	0	0	0	0	0	0	0	0	0	0	0	0	0	0	0	0	0	0	0	0	0	0	0	0	0	0	0	0	0	0	0	0	0	0	0	0	0	0	0	0	0	0	0	0	0	0	0	0	0	0	0	0	0	0	0	0	0	0	0	0	0	0	0	0	0
NM_152901	PYDC1	16	31227282	31228395	0	0	1	0	0	0	0	0	0	0	0	0	0	0	0	0	0	0	0	1	0	0	0	0	0	0	0	0	0	0	0	0	0	0	0	0	0	0	0	0	0	0	0	0	0	0	0	0	0	0	0	0	0	0	0	0	0	0	0	0	0	0	0	0	0	0	0	0	0	0	0	0	0	0	0	0	0	0	0	0	0	0	0	0	0	0	0	0	0	0	0	0	0	0	0	0	0	0	0	0	0	0	0	0
NM_032583	ABCC11	16	48200821	48269088	0	0	0	-1	-1	0	0	1	0	0	0	0	0	0	0	0	0	0	0	1	0	0	0	0	0	0	0	0	0	0	-1	0	0	0	0	0	0	0	0	0	0	0	0	0	0	0	0	-1	0	0	0	0	0	0	0	0	0	0	0	0	0	0	0	0	0	0	0	0	0	0	0	0	0	0	0	0	0	0	0	0	0	-1	0	0	0	0	0	0	0	0	0	0	0	0	0	0	0	0	0	0	0	-1	0	0
NM_153029	N4BP1	16	48572636	48644120	0	0	0	-1	-1	0	0	-1	0	0	0	0	0	0	0	0	0	0	0	1	0	0	0	0	0	0	0	0	0	0	-1	0	0	0	0	0	0	0	0	0	0	0	0	0	0	0	0	-1	0	0	0	0	0	0	0	0	0	0	0	0	0	0	0	0	0	0	0	0	0	0	0	0	0	0	0	0	0	0	0	0	0	-1	0	0	0	0	0	0	0	0	0	0	0	0	0	0	0	0	0	0	0	-1	0	0
NM_012106	ARL2BP	16	57279037	57287545	0	0	0	-1	-1	0	0	-1	0	0	0	0	0	0	0	0	0	0	0	1	0	0	0	0	0	0	0	0	0	0	-1	0	0	0	0	0	0	0	0	0	0	0	0	0	0	-1	0	-1	0	0	0	0	0	0	0	0	0	0	0	0	-1	0	0	0	0	0	0	0	0	0	0	0	-1	0	0	0	0	0	0	0	0	-1	-1	0	0	0	0	0	-1	0	0	0	0	0	0	0	0	0	0	0	0	-1	0	0
NM_206999;NM_001265612	CNOT1	16	58553849	58663790	0	0	0	-1	0	0	0	-1	0	0	0	0	0	0	0	0	0	0	0	1	0	0	0	0	0	0	0	0	0	0	-1	0	0	0	0	0	0	0	0	0	0	0	0	0	0	-1	0	-1	0	0	0	0	0	-1	0	0	0	0	0	0	-1	0	0	0	0	0	0	0	0	0	0	0	-1	0	0	0	0	0	0	0	0	-1	-1	0	0	0	0	0	-1	0	0	0	0	0	0	0	0	0	0	0	0	-1	0	0
NM_001242885	LOC100287036	16	89387540	89391518	0	0	0	-1	-1	-1	-1	-1	-1	-1	0	0	0	0	0	0	-1	0	0	0	0	0	0	0	0	-1	-1	0	0	-1	-1	-1	0	0	-1	0	-1	0	-1	0	0	0	0	0	0	-1	-1	-1	1	0	-1	0	-1	-1	0	-1	0	-1	0	0	0	1	1	-1	-1	-1	0	0	0	-1	-1	-1	-1	0	0	1	0	0	-1	-1	0	-1	-1	0	0	0	0	-1	-1	0	0	0	-1	0	0	1	0	0	0	0	0	-1	0	0
NM_003119	SPG7	16	89574804	89624174	0	0	0	-1	-1	-1	-1	-1	-1	-1	0	0	0	0	0	0	-1	0	0	-1	0	0	0	0	-1	-1	-1	0	0	-1	-1	-1	0	0	-1	0	-1	0	-1	0	0	0	-1	0	0	-1	-1	-1	-1	0	-1	0	-1	-1	0	-1	0	-1	0	0	0	-1	-1	-1	-1	-1	0	0	0	-1	-1	-1	-1	0	0	-1	0	0	-1	-1	0	-1	-1	0	0	0	0	-1	-1	0	0	0	-1	0	0	-1	0	0	0	-1	0	-1	-1	0
NM_033251;NM_000977	RPL13	16	89627064	89633237	0	0	0	-1	-1	-1	-1	-1	-1	-1	0	0	0	0	0	0	-1	0	0	-1	0	0	0	0	-1	-1	-1	0	0	-1	-1	-1	0	0	-1	0	-1	0	-1	0	0	0	-1	0	0	-1	-1	-1	-1	0	-1	0	-1	-1	0	-1	0	-1	0	0	0	-1	0	-1	-1	-1	0	0	0	-1	-1	-1	-1	0	0	-1	0	0	-1	-1	0	-1	-1	0	0	0	0	-1	-1	0	0	0	-1	0	0	-1	0	0	0	-1	0	-1	-1	0
NR_002450	SNORD68	16	89627837	89627909	0	0	0	-1	-1	-1	-1	-1	-1	-1	0	0	0	0	0	0	-1	0	0	-1	0	0	0	0	-1	-1	-1	0	0	-1	-1	-1	0	0	-1	0	-1	0	-1	0	0	0	-1	0	0	-1	-1	-1	-1	0	-1	0	-1	-1	0	-1	0	-1	0	0	0	-1	0	-1	-1	-1	0	0	0	-1	-1	-1	-1	0	0	-1	0	0	-1	-1	0	-1	-1	0	0	0	0	-1	-1	0	0	0	-1	0	0	-1	0	0	0	-1	0	-1	-1	0
NM_014427	CPNE7	16	89642175	89663654	0	0	0	-1	-1	-1	-1	-1	-1	-1	0	0	0	0	0	0	-1	0	0	-1	0	0	0	0	-1	-1	-1	0	0	-1	-1	-1	0	0	-1	0	-1	0	-1	0	0	0	-1	0	0	-1	-1	-1	-1	0	-1	0	-1	-1	0	-1	0	-1	0	0	0	-1	0	-1	-1	-1	0	0	0	-1	-1	-1	-1	0	0	-1	0	0	-1	-1	0	-1	-1	0	0	0	0	-1	-1	0	0	0	-1	0	0	-1	0	0	0	-1	0	-1	-1	0
NM_004413;NM_001128141	DPEP1	16	89679715	89704839	0	0	0	-1	-1	-1	-1	-1	-1	-1	0	0	0	0	0	0	-1	0	0	-1	0	0	0	0	-1	-1	-1	0	0	-1	-1	-1	0	0	-1	0	-1	0	-1	0	0	0	-1	0	0	-1	-1	-1	-1	0	-1	0	-1	-1	0	-1	0	-1	0	0	0	-1	0	-1	-1	-1	0	0	0	-1	-1	-1	-1	0	0	-1	0	0	-1	-1	0	-1	-1	0	0	0	0	-1	-1	0	0	0	-1	0	0	-1	0	0	0	-1	0	-1	-1	0
NM_001083314	CHMP1A	16	89710838	89724193	0	0	0	-1	-1	-1	-1	-1	-1	-1	0	0	0	0	0	0	-1	0	0	-1	0	0	0	0	-1	-1	-1	0	0	-1	-1	-1	0	0	-1	0	-1	0	-1	0	0	0	-1	0	0	-1	-1	-1	-1	0	-1	0	-1	-1	0	-1	0	-1	0	0	0	-1	0	-1	-1	-1	0	0	0	-1	-1	-1	-1	0	0	-1	0	0	-1	-1	0	-1	-1	0	0	0	0	-1	-1	0	0	0	-1	0	0	-1	0	0	0	-1	0	-1	-1	0
NM_153025	C16orf55	16	89724209	89737675	0	0	0	-1	-1	-1	-1	-1	-1	-1	0	0	0	0	0	0	-1	0	0	-1	0	0	0	0	-1	-1	-1	0	0	-1	-1	-1	0	0	-1	0	-1	0	-1	0	0	0	-1	0	0	-1	-1	-1	-1	0	-1	0	-1	-1	0	-1	0	-1	0	0	0	-1	0	-1	-1	-1	0	0	0	-1	-1	-1	-1	0	0	-1	0	0	-1	-1	0	-1	-1	0	0	0	0	-1	-1	0	0	0	-1	0	0	-1	0	0	0	-1	0	-1	-1	0
NM_052988	CDK10	16	89753075	89762772	0	0	0	-1	-1	-1	-1	-1	-1	-1	0	0	0	0	0	0	-1	0	0	-1	0	0	0	0	-1	-1	-1	0	0	-1	-1	-1	0	0	-1	0	-1	0	-1	0	0	0	-1	0	0	-1	-1	-1	-1	0	-1	0	-1	-1	0	-1	0	-1	0	0	0	-1	0	-1	-1	-1	0	0	0	-1	-1	-1	-1	0	0	-1	0	0	-1	-1	0	-1	-1	0	0	0	0	-1	-1	0	0	0	-1	0	0	-1	0	0	0	-1	0	-1	-1	0
NM_152339	SPATA2L	16	89762764	89768121	0	0	0	-1	-1	-1	-1	-1	-1	-1	0	0	0	0	0	0	-1	0	0	-1	0	0	0	0	-1	-1	-1	0	0	-1	-1	-1	0	0	-1	0	-1	0	-1	0	0	0	-1	0	0	-1	-1	-1	-1	0	-1	0	-1	-1	0	-1	0	-1	0	0	0	-1	0	-1	-1	-1	0	0	0	-1	-1	-1	-1	0	0	-1	0	0	-1	-1	0	-1	-1	0	0	0	0	-1	-1	0	0	0	-1	0	0	-1	0	0	0	-1	0	-1	-1	0
NM_004913	VPS9D1	16	89773540	89787394	0	0	0	-1	-1	-1	-1	-1	-1	-1	0	0	0	0	0	0	-1	0	0	-1	0	0	0	0	-1	-1	-1	0	0	-1	-1	-1	0	0	-1	0	-1	0	-1	0	0	0	-1	0	0	-1	-1	-1	-1	0	-1	0	-1	-1	0	-1	0	-1	0	0	0	-1	0	-1	-1	-1	0	0	0	-1	-1	-1	-1	0	0	-1	0	0	-1	-1	0	-1	-1	0	0	0	0	-1	-1	0	0	0	-1	0	0	-1	0	0	0	-1	0	-1	-1	0
NR_036480	LOC100128881	16	89778263	89784573	0	0	0	-1	-1	-1	-1	-1	-1	-1	0	0	0	0	0	0	-1	0	0	-1	0	0	0	0	-1	-1	-1	0	0	-1	-1	-1	0	0	-1	0	-1	0	-1	0	0	0	-1	0	0	-1	-1	-1	-1	0	-1	0	-1	-1	0	-1	0	-1	0	0	0	-1	0	-1	-1	-1	0	0	0	-1	-1	-1	-1	0	0	-1	0	0	-1	-1	0	-1	-1	0	0	0	0	-1	-1	0	0	0	-1	0	0	-1	0	0	0	-1	0	-1	-1	0
NM_001113525;NM_152287	ZNF276	16	89787392	89807332	0	0	0	-1	-1	-1	-1	-1	-1	-1	0	0	0	0	0	0	-1	0	0	-1	0	0	0	0	-1	-1	-1	0	0	-1	-1	-1	0	0	-1	0	-1	0	-1	0	0	0	-1	0	0	-1	-1	-1	-1	0	-1	0	-1	-1	0	-1	0	-1	0	0	0	-1	0	-1	-1	-1	0	0	0	-1	-1	-1	-1	0	0	-1	0	0	-1	-1	0	-1	-1	0	0	0	0	-1	-1	0	0	0	-1	0	0	-1	0	0	0	-1	0	-1	-1	0
NM_000135	FANCA	16	89803958	89883065	0	0	0	-1	-1	-1	-1	-1	-1	-1	0	0	0	0	0	0	-1	0	0	-1	0	0	0	0	-1	-1	-1	0	0	-1	-1	-1	0	0	-1	0	-1	0	-1	0	0	0	-1	0	0	-1	-1	-1	-1	0	-1	0	-1	-1	0	-1	0	-1	0	0	0	-1	0	-1	-1	-1	0	0	0	-1	-1	-1	-1	0	0	-1	0	-1	-1	-1	0	-1	-1	0	0	0	0	-1	-1	0	0	0	-1	0	0	-1	0	0	0	-1	0	-1	-1	0
NM_004313	ARRB2	17	4613788	4624795	0	1	0	0	0	0	0	-1	0	0	0	0	0	0	0	0	-1	0	0	-1	0	-1	0	0	0	0	0	0	0	0	0	0	0	0	0	0	0	-1	0	0	0	0	0	0	0	0	0	0	0	0	0	0	0	0	0	0	0	0	0	0	0	0	0	0	-1	0	0	0	0	0	0	0	-1	0	0	0	0	0	0	0	0	0	0	0	0	0	0	0	-1	0	0	0	0	0	0	0	0	-1	0	-1	0	-1	0	0
NM_004890	SPAG7	17	4862520	4871132	0	1	0	0	0	0	0	-1	0	0	0	0	0	0	0	0	-1	0	0	-1	0	-1	0	0	0	0	0	0	0	0	0	0	0	0	0	0	0	-1	0	0	0	0	0	0	0	0	0	0	0	0	0	0	0	0	0	0	0	0	0	0	0	0	0	0	-1	0	0	0	0	0	0	0	-1	0	0	0	0	0	0	0	0	0	0	0	0	0	0	0	-1	0	0	0	0	0	0	0	0	-1	0	-1	0	-1	0	0
NR_033656	STX8	17	9153787	9479275	0	1	0	0	-1	0	0	-1	0	0	0	0	0	0	0	0	-1	0	0	0	0	-1	0	0	0	0	0	0	0	0	0	0	0	0	0	0	0	-1	0	0	0	0	0	0	0	-1	0	0	0	0	0	0	0	0	0	0	0	0	0	0	0	0	0	0	0	0	0	0	-1	0	0	0	-1	0	0	0	0	0	0	0	0	0	0	0	0	0	0	0	-1	0	0	0	0	0	0	0	0	0	0	-1	0	0	0	0
NM_001030006	AP2B1	17	33914281	34053436	0	0	0	0	0	0	0	0	0	0	0	0	0	0	0	0	0	0	0	0	0	0	0	0	0	0	0	0	0	0	0	0	0	0	0	0	0	0	0	0	0	0	0	0	0	0	0	0	0	0	0	0	0	0	0	0	0	0	0	0	0	0	0	0	0	0	0	0	0	0	0	-1	0	0	0	0	0	0	0	0	0	0	0	0	0	0	0	0	-1	0	0	0	0	0	0	0	0	0	0	0	0	0	0	0
NM_030967	KRTAP1-1	17	39196810	39197713	0	0	0	0	-1	0	0	0	0	0	0	0	-1	0	0	0	0	0	0	0	0	0	0	0	0	0	0	-1	0	0	0	0	0	0	0	0	0	0	0	0	0	0	0	0	0	0	0	0	0	-1	0	0	0	0	0	0	0	0	0	0	0	0	0	0	0	0	0	0	0	0	-1	-1	0	0	0	0	0	0	0	0	0	0	0	0	0	0	0	0	-1	0	0	0	0	0	-1	0	0	0	0	0	0	0	0	0
NR_033465	NT5C3L	17	39981333	39992523	0	0	0	0	-1	0	0	0	0	0	0	0	-1	0	0	0	0	0	0	0	0	0	0	0	0	0	0	-1	0	0	0	0	0	0	0	0	0	0	0	0	0	0	0	0	0	0	0	0	0	0	0	0	0	0	0	0	0	0	0	0	0	0	0	0	0	0	0	0	0	0	-1	-1	0	0	0	0	0	0	0	0	0	0	0	0	0	0	0	0	-1	0	0	0	0	0	-1	0	0	-1	0	0	0	0	0	0
NM_005854	RAMP2	17	40913211	40915060	0	0	0	0	-1	0	0	0	0	0	0	0	-1	0	0	0	0	0	0	0	0	0	0	0	-1	0	0	-1	0	0	0	0	0	0	0	0	0	0	0	0	0	0	-1	0	0	0	0	0	0	0	0	0	0	0	0	0	0	0	0	0	0	0	0	0	0	0	0	0	0	0	-1	-1	0	0	0	0	0	0	0	0	0	0	0	0	0	0	0	0	-1	0	0	0	0	0	0	0	0	-1	0	0	0	0	0	0
NM_173079	RUNDC1	17	41132581	41145707	0	0	0	0	-1	0	0	0	0	0	0	0	-1	0	0	0	0	0	0	0	0	0	0	0	-1	0	0	-1	0	0	0	0	0	0	0	0	0	0	0	0	0	0	-1	0	0	0	0	0	0	0	0	0	0	0	0	0	0	0	0	0	0	0	0	0	0	0	0	0	0	0	-1	-1	0	0	0	0	0	0	0	0	0	0	0	0	0	0	0	0	-1	0	0	0	0	0	0	0	0	-1	0	0	0	0	0	0
NM_003620	PPM1D	17	58677543	58743640	0	0	0	0	0	0	0	0	0	0	0	0	0	0	0	0	0	0	0	0	0	0	0	0	0	0	0	0	0	-1	0	0	0	0	0	0	0	0	0	0	0	0	0	0	0	0	0	0	0	0	0	0	0	0	0	0	0	0	0	0	0	0	0	0	0	0	0	0	0	0	0	0	0	0	0	0	0	0	0	0	0	0	0	0	0	0	0	0	1	0	0	0	0	0	0	0	0	0	0	0	0	0	0	0
NM_199340	LRRC37A3	17	62850487	62914903	0	0	0	0	0	0	0	0	0	0	0	0	0	0	0	0	0	0	0	0	0	0	0	0	0	0	0	0	0	-1	0	0	0	0	0	0	0	0	0	0	0	0	0	0	0	0	0	0	0	0	0	0	0	0	0	0	0	0	0	0	0	0	0	0	0	0	0	0	0	0	0	0	-1	0	0	0	0	0	0	0	0	0	0	0	0	0	0	0	1	0	0	0	0	0	0	0	0	0	0	0	0	0	0	0
NM_001033574	AMZ2	17	66244144	66253305	0	0	0	0	0	0	0	0	0	0	0	0	0	0	0	0	0	0	0	0	0	0	0	0	0	0	0	0	0	0	0	0	0	0	0	0	0	0	0	0	0	0	0	0	0	0	0	0	0	0	0	0	0	0	0	0	0	0	0	0	0	0	0	0	0	0	0	0	0	0	0	0	0	0	0	0	0	0	0	0	0	0	0	0	0	0	0	0	1	0	0	0	0	0	0	0	0	0	0	0	0	0	0	0
NM_024083	ASPSCR1	17	79935425	79975282	0	0	0	0	0	0	1	0	0	0	0	0	0	0	0	0	0	0	0	0	0	0	0	0	1	1	1	0	0	0	1	1	0	0	0	0	1	0	1	0	0	0	0	0	0	0	0	0	0	0	1	0	1	0	0	1	1	1	0	0	0	1	0	1	0	0	0	0	0	0	0	1	0	0	0	0	0	1	1	1	0	0	0	0	0	0	-1	0	0	0	0	0	1	0	0	1	-1	0	-1	0	0	-1	-1	-1
NR_029406	FLJ43681	17	81174665	81188573	0	0	0	0	0	0	1	0	0	0	0	0	0	0	0	0	0	0	0	0	0	0	0	0	1	1	0	0	0	0	0	0	0	0	0	0	1	0	1	0	0	0	0	0	0	0	0	0	0	0	1	0	0	0	0	0	0	0	0	0	0	0	0	0	0	0	0	0	0	0	0	-1	0	0	0	0	0	-1	0	-1	0	0	0	0	0	0	0	0	1	0	0	0	0	0	0	0	0	0	-1	0	0	0	0	0
NM_004775	B4GALT6	18	29202208	29264686	0	0	0	0	-1	-1	0	0	0	0	0	0	0	0	0	0	0	0	0	0	-1	0	0	-1	0	0	0	0	0	0	0	0	0	0	0	0	0	-1	0	0	0	0	0	0	0	0	0	0	0	0	0	0	0	0	0	0	0	0	0	0	0	0	0	0	0	0	0	0	0	0	0	0	-1	0	0	0	0	0	0	0	0	0	-1	0	0	0	0	-1	0	0	0	0	0	0	0	0	0	0	0	0	0	0	0	0
NM_004539	NARS	18	55267893	55289177	0	0	0	0	-1	-1	0	0	0	0	0	0	0	0	0	0	0	0	0	0	-1	0	0	-1	0	0	0	0	0	0	0	0	0	0	0	0	0	-1	0	0	0	0	0	0	0	-1	0	0	0	0	0	0	0	0	0	0	0	0	0	0	0	0	0	0	0	0	0	0	0	0	0	0	-1	-1	0	0	0	0	0	0	0	0	-1	0	0	0	0	-1	0	0	0	0	0	0	0	0	0	0	0	0	0	0	0	0
NM_001168499;NM_018235	CNDP2	18	72163499	72190689	0	0	0	0	-1	-1	0	0	0	0	0	0	0	0	0	0	0	0	0	0	-1	0	0	0	0	0	0	0	0	0	0	0	0	-1	0	0	0	-1	-1	0	0	0	0	0	0	0	0	0	0	0	0	0	0	0	0	0	0	0	0	0	-1	0	0	0	0	-1	0	0	0	0	0	-1	0	0	0	0	0	0	0	0	0	-1	-1	0	0	0	0	-1	0	0	0	0	0	0	0	0	0	0	0	0	0	0	0	0
NM_139159	DPP9	19	4675243	4723855	0	0	0	0	0	0	0	0	0	0	0	0	0	0	0	0	0	0	0	0	0	0	0	0	0	0	0	0	0	0	0	0	0	0	0	0	0	0	0	0	0	0	0	0	0	0	0	0	0	0	0	0	0	0	0	0	0	1	0	0	0	0	0	0	0	0	0	0	0	0	0	0	-1	0	0	0	0	0	0	0	0	0	0	0	0	0	0	0	0	0	0	0	0	0	0	0	0	0	0	0	0	0	0	0
NM_020933	ZNF317	19	9251055	9274091	0	0	0	0	0	0	0	0	0	0	0	0	0	0	0	0	0	0	0	0	0	0	0	0	0	0	0	0	0	0	0	0	0	0	0	0	0	0	0	0	0	0	0	0	0	0	0	0	0	0	0	0	0	0	0	0	0	0	0	0	0	0	0	0	0	0	0	0	0	0	0	0	-1	0	0	0	0	0	0	0	0	0	0	0	0	0	0	0	0	0	0	0	0	0	0	0	0	0	0	0	0	0	0	0
NR_028594	ZNF833P	19	11784812	11797384	0	0	0	0	0	0	0	0	0	0	0	0	0	0	0	0	0	0	0	0	0	0	0	0	0	0	0	0	0	0	0	0	0	0	0	0	0	0	0	0	0	0	0	0	0	0	0	0	0	0	0	0	0	0	0	0	0	0	0	0	0	0	0	0	0	0	0	0	0	0	0	0	-1	0	0	0	0	0	0	0	0	0	0	0	0	0	0	0	0	0	0	0	0	0	0	0	0	0	0	0	0	0	0	0
NM_024038	C19orf43	19	12841453	12845529	0	0	0	0	0	0	0	0	0	0	0	0	0	0	0	0	0	0	0	0	0	0	0	0	0	0	0	0	0	0	0	0	0	0	0	0	0	0	0	0	0	0	0	0	0	0	0	0	0	0	0	0	0	0	0	0	0	0	0	0	0	0	0	0	0	0	0	0	0	0	0	0	-1	0	0	0	0	0	0	0	0	0	0	0	0	0	0	0	0	0	0	0	0	0	-1	0	0	0	0	0	0	0	0	0
NM_000435	NOTCH3	19	15270443	15311792	0	0	0	0	0	0	0	0	0	0	0	0	0	0	0	0	0	0	0	0	0	0	0	0	0	0	0	0	0	0	0	0	0	0	0	0	0	0	0	0	0	0	0	0	0	0	0	0	0	0	0	0	0	0	0	0	0	0	0	0	0	0	0	0	0	0	0	0	0	0	0	0	0	0	0	0	0	0	0	0	0	0	0	0	0	0	0	0	0	0	0	0	0	0	-1	0	0	0	0	0	0	0	0	0
NM_024881	SLC35E1	19	16660647	16683193	0	0	0	0	0	0	0	0	0	0	0	0	0	0	0	0	0	0	0	0	0	0	0	0	0	0	0	0	0	0	0	0	0	0	0	0	0	0	0	0	0	0	0	0	0	0	0	0	0	0	0	0	0	0	0	0	0	0	0	0	0	0	0	0	0	0	0	0	0	0	0	0	-1	0	0	0	0	0	0	0	0	0	0	0	0	0	0	0	0	0	0	0	0	0	0	0	0	0	0	0	0	0	0	0
NR_033899	LOC440518	19	22779058	22786352	0	0	0	0	0	0	0	0	0	0	0	0	0	0	0	0	0	0	0	0	0	0	0	0	1	0	0	0	0	0	0	0	0	0	0	0	0	0	0	0	0	0	0	0	0	0	0	0	0	0	0	0	0	0	0	0	0	0	0	0	0	0	0	0	0	0	0	0	0	0	0	0	0	0	0	0	0	0	0	0	0	0	0	0	0	0	0	0	0	0	0	0	0	0	0	0	0	0	0	0	0	0	0	0
NM_005166	APLP1	19	36359400	36370699	0	0	1	0	0	0	0	0	0	0	0	0	0	0	0	0	0	0	0	0	0	0	0	0	0	0	0	0	0	0	0	0	0	0	0	0	0	0	0	0	0	0	0	0	0	0	0	0	0	0	0	0	0	0	0	0	0	0	0	0	0	0	0	0	0	0	0	0	0	0	0	0	-1	0	0	0	0	0	0	0	0	0	0	0	0	0	0	0	0	0	0	0	0	0	0	0	0	0	0	0	0	0	0	0
NM_001079882;NM_016457	PRKD2	19	47177572	47220384	0	0	1	0	0	0	0	0	0	0	0	0	0	0	0	0	0	0	0	0	0	0	0	0	0	0	0	0	0	0	0	0	0	0	0	0	0	0	0	0	0	0	0	0	0	-1	0	0	0	0	0	-1	0	0	0	0	0	0	0	0	0	0	0	0	0	0	0	0	0	0	0	0	-1	0	0	0	0	0	0	0	0	0	0	0	0	0	0	0	0	0	0	0	-1	0	-1	-1	0	0	0	0	0	0	0	0
NM_001101419	ZNF541	19	48023946	48059113	0	0	1	0	0	0	0	0	0	0	0	0	0	0	0	0	0	0	0	0	0	0	0	0	0	0	0	0	0	0	0	0	0	0	0	0	0	0	0	0	0	0	0	0	0	-1	0	0	0	0	0	-1	0	0	0	0	0	0	0	0	0	0	0	0	0	0	0	0	0	0	0	0	-1	0	0	0	0	0	0	0	0	0	0	0	0	0	0	0	0	0	0	0	-1	0	-1	-1	0	0	0	0	0	0	0	0
NM_001160329	SYT3	19	51125233	51143092	0	0	1	0	0	0	0	0	0	0	0	0	0	0	0	0	0	0	0	0	0	0	0	0	0	0	0	0	0	0	0	0	0	0	0	0	0	0	0	0	0	0	0	0	0	0	0	0	0	0	0	0	0	0	0	0	0	0	0	0	0	0	0	0	0	0	0	0	0	0	0	0	0	0	0	0	0	0	0	0	0	0	0	0	0	0	0	0	0	0	0	0	0	0	0	0	0	0	0	0	0	0	0	0
NM_001030048	KLK3	19	51358170	51364020	0	0	1	0	0	0	0	0	0	0	0	0	0	0	0	0	0	0	0	0	0	0	0	0	0	0	0	0	0	0	0	0	0	0	0	0	0	0	0	0	0	0	0	0	0	0	0	0	0	0	0	0	0	0	0	0	0	0	0	0	0	0	0	0	0	0	0	0	0	0	0	0	0	0	0	0	0	0	0	0	0	0	0	0	0	0	0	0	0	0	0	0	0	0	0	0	0	0	0	0	0	0	0	0
NR_030190	MIR526B	19	54197646	54197729	0	0	1	0	0	0	0	0	0	0	0	0	0	0	0	0	0	0	0	0	0	0	0	0	1	0	0	0	0	0	0	0	0	0	0	0	0	0	0	0	0	0	0	0	0	0	0	0	0	0	0	0	0	0	0	0	0	0	0	0	0	0	0	0	0	0	0	0	0	0	0	0	-1	0	0	0	0	0	0	0	0	0	0	0	0	0	0	0	0	0	0	0	0	0	0	0	0	0	0	0	0	0	0	0
NM_013289	KIR3DL1	19	55327892	55342233	0	0	1	0	0	0	0	0	0	0	0	0	0	0	0	0	0	0	0	-1	0	0	0	0	1	0	0	0	0	0	0	0	0	0	1	0	0	0	0	0	0	0	0	0	0	0	0	0	0	0	0	0	0	0	0	0	0	0	0	0	0	0	0	0	0	0	0	0	0	0	0	0	0	0	0	0	0	0	0	0	0	0	0	0	0	0	0	0	0	0	0	0	0	0	0	0	0	0	0	0	0	0	0	0
NM_017729;NM_133180	EPS8L1	19	55587220	55599291	0	0	1	0	0	0	0	0	0	0	0	0	0	0	0	0	0	0	0	-1	0	0	0	0	1	0	0	0	0	0	0	0	0	0	1	0	0	0	0	0	0	0	0	0	0	0	0	0	0	0	0	0	0	0	0	0	0	0	0	0	0	0	0	0	0	0	0	0	0	0	0	0	0	0	0	0	0	0	0	0	0	0	0	0	0	0	0	0	0	0	0	0	0	0	0	0	0	0	0	0	0	0	0	0
NM_003245	TGM3	20	2276612	2321725	0	0	1	0	0	0	0	0	0	0	0	0	0	0	0	0	0	0	0	1	0	0	0	0	1	0	0	0	0	0	0	-1	0	0	0	0	0	0	0	0	0	0	0	0	0	0	0	0	0	0	0	0	0	0	0	0	0	0	0	0	0	0	0	0	0	0	0	0	0	0	0	0	0	0	0	0	0	0	0	-1	0	0	0	0	0	0	0	0	0	0	0	0	0	0	0	0	0	0	0	0	0	0	0	0
NR_039911	MIR4755	20	32636924	32636996	0	0	0	0	0	0	0	0	0	0	0	0	0	0	0	0	0	0	0	1	0	0	0	0	1	0	0	0	0	0	0	-1	0	0	0	0	0	0	0	0	0	0	0	0	0	0	0	0	0	0	0	0	0	0	0	0	0	0	0	0	0	0	0	0	0	0	0	0	0	0	0	0	0	0	0	0	0	0	0	0	0	0	0	0	0	0	0	0	0	0	0	0	0	0	0	0	0	0	0	0	0	0	0	0
NR_003017	SNORA71C	20	37058309	37058447	0	0	0	0	0	0	0	0	0	0	0	0	0	0	0	0	0	0	0	1	0	0	0	0	1	0	0	0	0	0	0	1	0	0	0	0	0	0	0	0	0	0	0	0	0	0	0	0	0	0	0	0	0	0	0	0	0	0	0	0	0	0	0	0	0	0	0	0	0	0	0	0	0	0	0	0	0	0	0	-1	0	0	0	0	0	0	0	0	0	0	0	0	0	0	0	0	0	0	0	0	0	0	0	0
NM_005461	MAFB	20	39314516	39317876	0	0	0	0	0	0	0	0	0	0	0	0	0	0	0	0	0	0	0	1	0	0	0	0	1	0	0	0	0	0	0	1	0	0	0	0	0	0	0	0	0	0	0	0	0	0	0	0	0	0	0	0	0	0	0	0	0	0	0	0	0	0	0	0	0	0	0	0	0	0	0	0	0	0	0	0	0	0	0	0	0	0	0	0	0	0	0	0	-1	0	0	0	0	0	0	0	0	0	0	0	0	0	0	0
NM_003185	TAF4	20	60549853	60640866	0	0	0	0	0	0	0	0	0	0	0	0	0	0	0	0	0	0	0	1	0	0	0	0	1	0	0	0	0	0	0	1	0	0	0	0	1	0	1	0	0	0	0	0	0	0	0	0	0	0	0	0	1	0	0	1	0	1	0	0	0	0	0	-1	0	0	0	0	0	0	0	0	0	0	0	0	0	0	0	1	0	0	0	0	0	0	0	0	0	0	0	0	1	0	0	-1	0	0	0	0	0	0	0	1
NM_144703	LSM14B	20	60697516	60710434	0	0	0	0	0	0	0	0	0	0	0	0	0	0	0	0	0	0	0	1	0	0	0	0	1	0	0	0	0	0	0	1	0	0	0	0	1	0	1	0	0	0	0	0	0	0	0	0	0	0	0	0	1	0	0	1	0	1	0	0	0	0	0	-1	0	0	0	0	0	0	0	0	0	0	0	0	0	0	0	1	0	0	0	0	0	0	0	0	-1	0	0	0	1	0	0	-1	0	0	0	0	0	0	0	0
NR_046512	SAMSN1-AS1	21	15954522	15970624	0	0	0	0	0	-1	0	0	-1	0	0	0	0	0	0	0	0	0	0	0	0	0	0	0	0	0	0	0	0	-1	0	0	0	0	0	0	0	0	0	0	0	0	0	0	0	0	0	0	0	0	0	0	0	0	0	0	0	0	0	0	0	0	0	0	0	0	0	0	0	0	0	0	0	0	0	0	0	0	0	0	0	0	0	0	0	0	0	0	0	0	0	0	0	0	0	0	0	0	0	0	0	0	0	0
NR_024367	LINC00111	21	43099461	43117496	0	0	0	0	0	-1	0	0	0	0	0	0	0	0	0	0	0	0	0	0	0	0	0	0	0	0	0	0	0	0	0	0	0	0	0	0	0	0	0	0	0	0	0	0	0	0	0	0	0	0	0	0	0	0	0	0	0	0	0	0	0	0	0	0	0	0	0	0	0	0	0	0	0	0	0	0	0	0	0	0	0	0	0	0	0	0	0	0	0	0	0	0	0	0	0	0	0	0	0	0	0	0	0	0
NM_015259	ICOSLG	21	45646721	45660834	0	0	0	0	0	-1	0	0	0	0	0	0	0	0	0	0	0	0	0	0	0	0	0	0	0	0	-1	0	0	0	0	0	0	0	0	0	0	0	0	0	0	0	0	0	0	0	0	0	0	0	0	0	0	0	0	0	0	0	0	0	0	0	0	0	0	0	0	0	0	0	0	0	0	0	0	0	0	0	0	0	0	0	0	0	0	0	0	0	0	0	0	0	-1	0	0	0	0	0	0	0	0	0	0	0
NR_030378	MIR648	22	18463633	18463727	0	0	0	0	0	0	0	0	-1	0	0	0	0	0	0	0	-1	0	1	0	0	0	0	-1	0	0	0	-1	0	0	0	-1	0	0	0	0	0	0	0	0	0	0	0	0	0	-1	0	0	0	0	0	0	0	0	-1	0	0	0	0	0	0	0	0	0	0	0	0	0	0	0	0	0	0	0	0	0	0	0	0	0	0	0	0	0	0	0	0	0	0	0	0	0	0	0	0	0	0	0	0	0	0	0	0	0
NR_037566	BCRP2	22	21457304	21476575	0	0	0	0	0	0	0	0	-1	0	0	0	0	0	0	0	-1	0	1	0	0	0	0	-1	0	0	0	-1	0	0	0	-1	0	0	0	0	0	0	0	0	0	0	0	0	0	-1	0	0	0	0	0	0	0	0	0	0	0	0	0	0	0	0	0	0	0	0	0	0	0	0	0	0	0	0	0	0	0	0	0	0	0	0	0	0	0	0	0	0	0	0	0	0	0	0	0	0	0	0	0	0	0	0	0	0
NM_080764	ZNF280B	22	22838771	22863505	0	0	0	0	0	0	1	0	-1	1	0	0	1	1	0	0	-1	1	1	1	1	1	0	-1	0	0	1	1	0	1	1	1	1	1	1	0	0	1	1	0	1	1	1	0	1	-1	1	1	1	0	1	1	1	1	1	1	1	1	1	1	1	1	1	1	1	1	1	0	1	1	1	1	1	1	0	1	1	1	1	1	1	0	1	1	1	1	1	1	0	1	0	1	1	1	1	1	1	1	1	1	1	1	1	1
NM_080740	ZNF280A	22	22868060	22874613	0	0	0	0	0	0	1	0	-1	1	0	0	1	1	0	0	-1	1	1	1	1	1	0	-1	0	0	1	1	0	1	1	1	1	1	1	0	0	1	1	0	1	1	1	0	1	0	1	1	1	0	1	1	1	1	1	1	1	1	1	1	1	1	1	1	1	1	1	0	1	1	1	1	1	1	0	1	1	1	1	1	1	0	1	1	1	1	1	1	0	1	0	1	1	1	1	1	1	1	1	1	1	1	1	1
NM_206954	PRAME	22	22890122	22901696	0	0	0	0	0	0	1	0	-1	1	0	0	1	1	0	0	-1	1	1	1	1	1	0	-1	0	0	1	1	0	1	1	1	1	1	1	0	0	1	1	0	1	1	1	0	1	0	1	1	1	0	1	1	1	1	1	1	1	1	1	1	1	1	1	1	1	1	1	0	1	1	1	1	1	1	0	1	1	1	1	1	1	0	1	1	1	1	1	1	0	1	0	1	1	1	1	1	1	1	1	1	1	1	1	1
NR_027426	LOC648691	22	22901755	22909007	0	0	0	0	0	0	1	0	-1	1	0	0	1	1	0	0	-1	1	1	1	1	1	0	-1	0	0	1	1	0	1	1	1	1	1	1	0	0	1	1	0	1	1	1	0	1	0	1	1	1	0	1	1	1	1	1	1	1	1	1	1	1	1	1	1	1	1	1	0	1	1	1	1	1	1	0	1	1	1	1	1	1	0	1	1	1	1	1	1	0	1	0	1	1	1	1	1	1	1	1	1	1	1	1	1
NR_024591	POM121L1P	22	22974027	22987012	0	0	0	0	0	0	1	0	-1	1	0	0	1	1	0	0	-1	1	1	1	1	1	0	0	0	0	1	1	0	1	1	1	1	1	1	0	1	1	1	0	1	1	1	0	1	0	1	1	1	0	1	1	1	1	1	1	1	1	1	1	1	1	1	1	1	1	1	0	1	1	1	1	1	1	1	1	1	1	1	1	1	0	1	1	1	1	1	1	0	1	1	1	1	1	1	1	1	1	1	1	1	1	1	1
NM_199127	GGTLC2	22	22988781	22990368	0	0	0	0	0	0	1	0	-1	1	0	0	1	1	0	0	-1	1	1	1	1	1	0	0	0	0	1	1	0	1	1	1	1	1	1	0	1	1	1	0	1	1	1	0	1	0	1	1	1	0	1	1	1	1	1	1	1	1	1	1	1	1	1	1	1	1	1	0	1	1	1	1	1	1	1	1	1	1	1	1	1	0	1	1	1	1	1	1	0	1	1	1	1	1	1	1	1	1	1	1	1	1	1	1
NR_030755	MIR650	22	23165269	23165365	0	0	0	0	0	0	1	0	-1	1	0	0	1	1	0	0	-1	1	1	1	1	1	0	0	0	0	1	1	0	1	1	1	1	1	1	0	1	1	1	0	1	1	1	0	1	0	1	1	1	0	1	1	1	1	1	1	1	1	1	1	1	1	1	1	1	1	1	0	1	1	1	1	1	1	1	1	1	0	1	1	1	0	1	1	1	1	1	1	0	1	1	1	1	1	1	1	1	1	1	1	1	1	1	1
NM_001256296	IGLL5	22	23229959	23238013	0	0	0	0	0	0	0	0	-1	1	0	0	1	1	0	0	-1	1	1	1	1	1	0	0	0	0	1	1	0	1	0	1	1	1	1	0	1	1	1	0	1	1	1	0	1	0	1	1	1	0	1	1	1	1	1	1	1	1	1	1	1	1	1	1	1	1	0	0	1	1	1	1	1	1	1	1	1	0	1	1	1	0	1	1	1	1	1	1	0	1	1	1	1	1	1	1	1	1	1	1	1	1	1	1
NM_004147	DRG1	22	31795538	31830172	0	0	0	0	0	0	0	0	-1	0	0	0	0	0	0	0	-1	0	0	0	0	0	0	-1	0	0	0	0	0	0	0	-1	0	0	0	0	0	0	0	0	0	0	0	0	0	-1	0	0	0	-1	0	0	0	0	0	0	0	0	0	0	0	0	0	0	0	0	0	0	0	0	0	0	0	0	0	0	0	0	0	0	0	1	0	0	0	0	0	0	0	0	0	0	0	0	0	0	0	0	0	0	0	0	0	0
NM_001082578	RBFOX2	22	36134782	36424585	0	0	0	0	0	0	0	-1	-1	0	0	0	0	0	0	0	0	0	0	0	0	0	0	-1	0	0	0	0	0	0	0	0	0	0	0	0	0	0	0	0	0	0	0	0	0	0	0	0	0	0	0	0	0	0	0	0	0	0	0	0	0	0	0	0	0	0	0	0	0	0	0	0	0	0	0	0	0	0	0	0	0	1	0	0	0	0	0	0	0	0	0	0	0	0	0	0	0	0	0	0	0	0	0	0
NM_003614	GALR3	22	38219388	38221502	0	0	0	0	0	0	-1	-1	-1	0	0	0	0	0	0	0	0	0	0	0	0	0	0	-1	0	0	0	0	0	0	0	0	0	0	0	0	0	0	0	0	0	0	0	0	0	0	0	0	0	0	0	0	0	0	0	0	0	0	0	0	0	0	0	0	0	0	0	0	0	0	0	0	0	0	0	0	0	0	0	0	0	1	0	0	0	0	0	0	0	0	0	0	0	0	0	0	0	0	0	0	0	0	0	0
NM_003916	AP1S2	23	15843928	15873100	0	0	0	0	0	0	0	0	0	0	0	0	0	0	0	0	0	0	-1	0	0	0	0	0	0	0	0	0	0	0	0	0	0	0	0	0	0	-1	0	0	0	0	0	0	0	0	0	0	0	0	0	0	0	0	0	0	0	0	0	0	0	0	0	0	0	0	0	0	0	0	0	0	0	0	0	0	0	0	0	0	0	0	0	0	0	0	0	0	0	0	0	0	0	0	0	0	0	0	0	0	0	0	0	0
NM_001037343;NM_003159	CDKL5	23	18443724	18671749	0	0	0	0	0	0	0	0	0	0	0	0	0	0	0	0	0	0	-1	0	0	0	0	0	0	0	0	0	0	0	0	0	0	0	0	0	0	0	0	0	0	0	0	0	0	0	0	0	0	0	0	0	0	0	0	0	0	0	0	0	0	0	0	0	0	0	0	0	0	0	0	0	0	0	0	0	0	0	0	0	0	0	0	0	0	0	0	0	0	0	0	0	0	0	0	0	0	0	0	0	0	0	0	0
NM_002365	MAGEB3	23	30248552	30255610	0	0	0	0	0	0	0	0	0	0	0	0	0	0	0	0	0	0	-1	0	0	0	0	0	0	0	0	0	0	0	0	0	0	0	0	0	0	0	0	0	0	0	0	0	0	0	0	0	0	0	0	0	0	0	0	0	0	0	0	0	0	0	0	0	0	0	0	0	0	0	0	0	0	0	0	0	0	0	0	0	0	0	0	0	0	0	0	0	0	0	0	0	0	0	0	0	0	0	0	0	0	0	0	0
NM_004651	USP11	23	47092313	47107727	0	0	0	0	0	0	0	0	0	0	0	0	0	0	0	0	0	0	-1	0	0	0	0	0	0	0	0	0	0	0	0	0	0	0	0	0	0	0	0	0	0	0	0	0	0	0	0	0	0	0	0	0	0	0	0	0	0	0	0	0	0	0	0	0	0	0	0	0	0	0	0	0	0	0	0	0	0	0	0	0	0	0	0	0	0	0	0	0	0	0	0	0	0	0	0	0	0	0	0	0	0	0	0	0
NM_181532	ERAS	23	48684922	48688279	0	0	0	0	0	0	0	0	0	0	0	0	0	0	0	0	0	0	-1	0	0	0	0	0	0	0	0	0	0	0	0	0	0	0	0	0	0	0	0	0	0	0	0	0	0	0	0	0	0	0	0	0	0	0	0	0	0	0	0	0	0	0	0	0	0	0	0	0	0	0	0	0	0	0	0	0	0	0	0	0	0	0	0	0	0	0	0	0	0	0	0	0	0	0	0	0	0	0	0	0	0	0	0	0
NM_001476	GAGE6	23	49335037	49342356	0	0	0	0	0	0	0	0	0	0	0	0	0	0	0	0	0	0	-1	0	0	0	0	0	0	0	0	0	0	0	0	0	0	0	0	0	0	0	0	0	0	0	0	0	0	0	0	0	0	0	0	0	0	0	0	0	0	0	0	0	0	0	0	0	0	0	0	0	0	0	0	0	0	0	0	0	0	0	0	0	0	0	0	0	0	0	0	0	0	0	0	0	0	0	0	0	0	0	0	0	0	0	0	0
NR_029513	MIR98	23	53583183	53583302	0	0	0	0	0	0	0	0	0	0	0	0	0	0	0	0	0	0	-1	0	0	0	0	0	0	0	0	0	0	0	0	0	0	0	0	0	0	0	0	0	0	0	0	0	0	0	0	0	0	0	0	0	0	0	0	0	0	0	0	0	0	0	0	0	0	0	0	0	0	0	0	0	0	0	0	0	0	0	0	0	0	0	0	0	0	0	0	0	0	0	0	0	0	0	0	0	0	0	0	0	0	0	0	0
NM_001170779;NM_001170784;NM_001170780	FAM122C	23	133930442	133988641	0	0	0	0	0	0	0	-1	0	0	0	0	0	0	0	0	0	0	-1	0	0	0	0	0	0	0	0	0	0	0	0	0	0	0	0	0	0	0	0	0	0	0	0	0	0	0	0	0	0	0	0	0	0	0	0	0	0	0	0	0	0	0	0	0	0	0	0	0	0	0	0	0	0	0	0	0	0	0	0	0	0	0	0	0	0	0	0	0	0	0	0	0	0	0	0	0	0	0	0	0	0	0	0	0
NM_001164415	HSFX2	23	148674171	148676974	0	0	0	0	0	0	0	0	0	0	0	0	0	0	0	0	0	0	-1	0	0	0	0	0	0	0	0	0	0	0	0	0	0	0	0	0	0	0	0	0	0	0	0	0	0	0	0	0	0	0	0	0	0	0	0	0	0	0	0	0	0	0	0	0	0	0	0	0	0	0	0	0	0	0	0	0	0	0	0	0	0	0	0	0	0	0	0	0	0	0	0	0	0	0	0	0	0	0	0	0	0	0	0	0
NR_001544	NCRNA00185	24	21034386	21040114	0	0	0	0	0	0	0	0	0	0	0	0	0	0	0	0	0	0	-1	0	0	0	0	0	0	0	0	0	0	0	0	0	0	0	0	0	0	0	0	0	0	0	0	0	0	0	0	0	0	0	0	0	0	0	0	0	0	0	0	0	0	0	0	0	0	0	0	0	0	0	0	0	0	0	0	0	0	0	0	0	0	0	0	0	0	0	0	0	0	0	0	0	-1	0	0	0	0	0	0	0	0	0	0	0
