bin.chr	bin.start	EP001	EP002	EP003	EP004	EP005	EP006	EP007	EP008	EP009	EP010	EP011	EP012	EP013	EP014	EP015	EP016	EP017	EP018	EP019	EP020	EP021	EP022	EP023	EP024	EP025	EP026	EP027	EP028	EP029	EP030	EP031	EP032	EP033	EP034	EP035	EP036	EP037	EP038	EP039	EP040	EP041	EP042	EP043	EP044	EP045	EP046	EP047	EP048	EP049	EP050	EP051	EP052	EP053	EP054	EP055	EP056	EP057	EP058	EP059	EP060	EP061	EP062	EP063	EP064	EP065	EP066	EP067	EP068	EP069	EP070	EP071	EP072	EP073	EP074	EP075	EP076	EP077	EP078	EP079	EP080	EP081	EP082	EP083	EP084	EP085	EP086	EP087	EP088	EP089	EP090	EP091	EP092	EP093	EP094	EP095	EP096	EP097	EP098	EP099	EP100	EP101	EP102	EP103	EP104
chr1: 72Mbp-73Mbp	chr1	72000001	0	1	0	0	1	1	1	1	0	1	1	0	0	0	0	1	1	0	1	1	0	1	0	0	1	0	0	1	1	0	0	0	0	1	1	0	1	0	1	0	1	1	0	0	1	1	1	1	1	1	0	0	0	0	1	1	0	0	0	1	1	1	1	0	0	0	0	0	1	0	1	1	0	1	0	1	0	1	0	0	0	1	1	1	0	1	1	0	1	1	0	0	0	0	1	0	1	1	1	1	0	1	1	0
chr1: 75.5Mbp-76.5Mbp	chr1	75500001	1	1	0	0	0	1	1	1	1	0	1	0	1	1	0	0	1	0	1	1	0	1	0	0	0	1	1	1	1	0	1	0	0	0	0	1	0	1	0	0	1	1	0	0	1	0	1	1	1	1	1	0	0	1	0	0	0	0	1	0	0	0	1	1	0	1	1	0	1	0	1	0	0	1	0	0	0	1	0	0	0	1	1	1	0	0	1	1	1	1	0	1	0	0	1	0	0	0	1	1	0	1	0	0
chr1: 96.5Mbp-97.5Mbp	chr1	96500001	0	1	1	0	1	1	0	1	1	0	1	0	0	1	0	1	1	0	1	1	1	1	0	0	0	1	1	1	0	0	1	1	0	1	1	1	0	1	1	0	0	1	1	0	0	1	0	0	0	0	0	1	0	1	1	1	0	1	0	0	0	0	1	0	0	1	1	0	0	1	0	1	1	1	0	0	0	1	1	0	0	0	1	0	1	0	1	1	1	0	0	1	0	0	1	0	0	1	0	1	0	0	0	1
chr1: 104Mbp-105Mbp	chr1	104000001	0	1	1	1	1	0	1	0	1	0	1	0	0	0	0	1	0	0	1	1	0	0	0	1	0	0	1	0	0	1	1	0	1	1	1	1	1	1	1	0	0	0	0	0	1	0	0	0	1	1	0	0	1	1	1	1	1	0	1	0	0	0	1	0	0	0	1	0	1	1	0	1	0	1	0	0	0	1	1	1	0	1	1	1	0	1	1	1	0	1	0	0	1	0	0	0	1	1	1	0	0	1	0	0
chr1: 152Mbp-153Mbp	chr1	152000001	1	1	0	0	0	1	1	0	1	1	1	0	0	0	0	0	0	0	1	0	1	0	0	1	1	1	1	0	1	0	1	0	1	1	0	0	1	1	1	0	0	0	0	0	0	1	1	0	0	1	0	0	0	1	1	0	0	0	1	1	0	0	0	1	1	1	1	0	1	1	0	1	0	1	0	0	0	1	0	0	0	0	1	1	0	1	0	1	1	1	0	1	0	0	0	1	1	1	1	1	0	0	1	1
chr1: 158Mbp-159Mbp	chr1	158000001	0	1	1	0	1	0	1	0	1	1	1	0	0	1	0	1	1	0	1	1	1	0	0	0	0	0	1	0	1	0	1	1	0	0	1	1	0	1	0	0	0	1	1	1	1	1	0	1	1	1	1	0	1	1	1	0	1	0	1	1	1	0	0	0	0	1	0	1	0	1	0	1	1	0	0	0	0	1	1	1	0	0	0	0	0	0	0	1	0	1	0	1	1	0	1	0	1	1	0	1	0	0	1	0
chr1: 159Mbp-160Mbp	chr1	159000001	0	0	1	1	0	1	1	1	1	0	0	0	0	1	0	0	0	0	0	1	1	1	0	1	0	0	1	0	1	0	0	0	1	1	0	0	0	1	0	0	0	1	1	1	1	1	1	1	1	1	1	0	1	0	1	1	0	0	1	1	1	0	0	0	1	1	1	0	1	1	1	0	1	0	0	1	0	1	0	1	0	1	0	0	0	0	0	1	1	1	0	1	1	0	0	0	0	1	1	0	0	0	1	0
chr1: 190Mbp-191Mbp	chr1	190000001	0	1	1	1	1	1	0	1	0	1	1	0	0	0	1	1	1	1	0	1	1	1	0	0	1	0	0	0	0	1	1	0	0	1	1	1	0	1	1	0	0	1	0	1	1	0	1	0	0	1	0	1	1	1	1	0	1	1	1	0	0	0	0	1	0	1	1	0	1	0	1	0	0	0	0	0	0	1	0	0	0	0	1	1	0	0	0	1	1	1	0	1	1	0	1	0	1	1	0	1	0	1	0	1
chr1: 191.5Mbp-192.5Mbp	chr1	191500001	0	1	1	1	0	1	1	0	0	1	1	0	0	1	0	1	1	0	0	1	1	1	1	0	0	1	0	0	1	1	1	0	1	1	1	0	0	1	1	0	1	1	1	1	1	1	1	0	0	0	0	0	1	1	1	1	0	0	0	1	0	1	1	0	1	1	0	0	1	0	0	1	0	0	0	0	0	1	0	0	0	1	1	0	0	1	0	0	1	1	0	0	1	0	0	0	1	1	0	0	1	1	0	0
chr1: 193.5Mbp-194.5Mbp	chr1	193500001	0	1	1	1	0	0	1	1	0	1	1	0	0	0	1	0	1	1	1	1	1	1	1	0	1	0	0	1	0	1	1	0	1	0	1	1	0	0	0	0	0	0	1	1	1	0	0	1	1	1	0	1	0	1	1	1	0	1	0	1	0	0	1	0	0	1	1	0	0	0	0	1	0	1	0	1	0	1	1	0	0	1	1	0	0	1	0	1	0	0	0	1	1	0	1	0	1	1	1	1	0	0	0	0
chr1: 196Mbp-197Mbp	chr1	196000001	0	1	1	0	1	1	1	1	1	0	1	0	0	1	0	0	1	0	0	0	1	1	0	1	0	0	1	1	0	1	0	0	0	1	1	0	0	1	1	0	0	1	1	1	1	1	1	1	0	0	0	0	1	1	1	0	1	0	0	1	1	0	0	0	0	1	1	0	1	1	1	1	0	0	0	0	0	1	0	0	0	1	0	0	0	0	1	1	1	1	0	0	1	0	1	0	1	1	1	1	0	1	0	0
chr1: 198.5Mbp-199.5Mbp	chr1	198500001	0	1	1	1	0	1	1	1	1	1	1	1	0	0	0	1	1	1	0	0	0	1	0	1	0	1	0	0	1	1	1	1	0	1	1	0	0	1	0	0	0	1	0	1	0	0	0	0	0	1	0	1	1	1	1	1	1	1	1	1	1	0	0	0	1	0	1	0	1	0	1	1	1	1	0	0	0	1	0	1	0	1	1	0	0	0	1	0	0	1	0	1	1	0	1	0	1	0	0	1	0	0	0	0
chr1: 199Mbp-200Mbp	chr1	199000001	0	1	1	1	0	1	1	1	1	1	1	1	0	0	0	1	1	1	0	0	1	1	0	1	0	1	1	1	1	1	1	1	0	1	1	0	0	1	0	0	0	1	0	1	0	0	0	1	0	1	0	1	1	0	1	1	1	0	1	0	0	0	1	0	1	0	0	0	1	0	1	1	0	1	0	0	0	1	0	1	0	1	1	1	0	0	1	0	1	1	0	0	1	0	0	0	1	0	0	0	0	0	0	0
chr1: 208.5Mbp-209.5Mbp	chr1	208500001	0	1	1	1	1	0	1	1	0	0	1	0	0	1	0	0	0	1	0	0	1	1	0	1	0	1	0	1	1	1	0	1	1	0	1	0	1	1	0	0	1	0	1	1	1	0	0	1	1	1	0	0	0	0	1	1	0	1	1	1	1	0	1	1	0	1	1	0	1	0	1	0	1	1	0	0	0	1	1	0	0	0	0	0	0	1	1	1	0	0	0	0	1	0	1	0	1	1	0	0	0	0	0	0
chr1: 209Mbp-210Mbp	chr1	209000001	0	1	1	1	1	0	1	0	0	0	1	0	0	1	0	0	0	1	0	1	1	1	1	0	0	0	0	1	0	1	1	1	1	1	1	0	1	1	0	0	1	0	1	1	1	0	0	1	1	0	0	0	0	1	0	1	0	0	1	1	0	0	1	0	1	1	1	0	1	0	1	0	1	1	0	0	0	0	1	0	0	1	0	0	0	1	1	0	0	1	0	1	1	0	1	0	1	1	0	1	0	0	0	0
chr1: 240.5Mbp-241.5Mbp	chr1	240500001	0	1	0	0	0	1	0	0	1	1	1	0	0	0	0	0	1	1	0	0	1	1	0	0	0	1	1	1	0	1	0	0	0	0	1	1	1	1	0	0	1	1	0	1	1	0	0	1	1	1	0	1	1	1	1	0	1	1	0	1	1	0	1	0	1	1	1	0	1	0	1	1	0	0	0	0	0	1	0	1	0	0	1	0	0	1	1	1	1	1	0	0	0	0	0	0	1	0	1	1	0	1	0	0
chr1: 241Mbp-242Mbp	chr1	241000001	0	1	0	0	1	0	1	1	1	1	1	0	0	1	0	0	1	0	0	0	0	1	0	0	0	1	0	1	1	1	1	0	0	0	1	0	1	1	1	0	1	1	0	1	1	0	0	1	1	1	0	1	1	1	1	0	0	1	1	1	0	0	1	0	1	1	1	0	0	0	1	1	0	0	0	0	0	1	0	1	0	0	1	1	0	1	1	1	1	1	0	0	0	0	1	0	1	0	1	1	0	1	1	0
chr1: 242.5Mbp-243.5Mbp	chr1	242500001	0	0	1	1	0	0	0	1	1	1	1	1	0	1	0	0	0	0	0	1	0	1	0	0	0	1	1	1	1	1	1	0	1	0	1	0	0	0	1	0	1	1	0	1	1	0	1	1	0	1	0	0	1	1	1	1	0	0	0	1	0	0	1	1	1	1	0	0	1	1	1	1	1	0	0	0	0	1	0	0	0	0	1	1	0	0	0	1	1	1	0	0	1	0	1	1	0	1	0	1	0	0	0	0
chr10: 8.5Mbp-9.5Mbp	chr10	8500001	0	0	1	1	0	0	1	0	0	1	0	0	1	1	0	1	0	0	0	1	1	0	0	1	0	1	0	1	0	1	1	0	1	0	0	1	0	0	1	0	1	1	0	0	0	0	1	1	1	1	0	0	1	0	1	1	1	0	1	1	0	0	0	0	1	1	0	0	0	1	1	1	0	0	0	0	0	1	1	0	0	1	1	1	0	1	0	1	1	1	0	0	1	0	1	0	1	0	0	1	0	1	1	1
chr10: 10.5Mbp-11.5Mbp	chr10	10500001	0	1	0	0	0	1	1	1	1	1	1	0	0	0	0	1	1	1	1	0	0	1	0	1	0	1	1	0	0	0	1	1	0	0	0	1	0	1	1	0	0	1	1	1	0	1	1	1	1	1	0	1	0	0	1	0	1	0	1	1	1	1	0	0	1	1	0	0	1	1	1	1	0	1	0	0	0	1	0	0	0	1	1	0	0	0	1	0	0	1	0	0	0	0	0	0	0	1	1	0	0	0	0	1
chr10: 36.5Mbp-37.5Mbp	chr10	36500001	0	1	1	0	0	1	0	0	1	1	0	0	1	1	1	0	0	1	1	1	0	1	0	0	0	1	0	0	0	1	0	1	1	1	1	0	1	1	0	0	1	0	0	0	1	1	1	0	0	1	0	0	1	0	1	1	1	1	0	0	1	0	1	0	1	0	1	0	0	1	1	1	0	1	0	0	0	1	0	1	0	1	1	1	1	0	0	0	0	1	0	1	0	0	1	0	1	0	1	0	0	1	0	0
chr10: 44Mbp-45Mbp	chr10	44000001	0	1	0	0	0	0	1	0	0	0	1	0	1	0	0	0	0	0	1	1	0	0	1	0	0	1	1	1	0	0	1	1	0	1	1	1	1	1	1	0	0	0	0	0	0	1	1	0	1	1	1	0	1	1	1	1	0	0	1	1	0	0	1	0	1	1	0	0	0	1	1	1	1	0	0	0	0	1	0	0	0	1	1	1	0	1	1	1	1	1	0	0	1	0	1	0	1	1	1	1	0	0	1	0
chr10: 53Mbp-54Mbp	chr10	53000001	0	1	1	0	1	1	1	1	1	1	1	0	0	0	0	0	1	0	1	0	0	0	0	1	0	1	1	1	0	1	1	1	0	1	1	0	0	1	1	0	1	0	0	0	1	0	1	1	0	0	0	0	1	1	1	0	0	1	1	1	0	0	0	0	1	1	1	0	1	0	1	0	0	1	0	0	0	1	0	0	0	1	1	0	0	1	0	1	0	1	0	0	1	0	1	0	1	1	0	0	0	1	1	0
chr10: 53.5Mbp-54.5Mbp	chr10	53500001	0	1	1	0	1	1	1	1	1	1	1	0	0	0	0	0	1	0	1	0	1	0	0	1	0	0	1	1	0	1	1	1	1	1	1	1	0	1	1	0	1	1	0	0	0	0	0	1	1	0	0	0	1	1	1	1	0	1	1	1	0	0	1	0	0	1	1	0	1	1	0	1	0	1	0	0	0	1	0	1	0	1	1	0	0	1	0	1	0	0	0	0	1	0	1	0	1	0	0	0	0	0	1	0
chr10: 58Mbp-59Mbp	chr10	58000001	0	0	1	1	1	1	1	1	1	0	1	0	0	1	0	0	1	1	1	0	1	1	0	1	0	1	0	0	0	1	1	1	1	1	1	1	0	1	1	0	0	1	1	0	0	1	0	0	1	0	0	0	0	1	0	0	0	0	0	1	1	1	1	1	1	1	0	1	1	0	1	1	0	0	0	0	0	0	0	0	0	1	1	1	0	1	1	1	1	1	0	0	0	0	1	0	1	1	1	0	0	0	1	0
chr10: 87Mbp-88Mbp	chr10	87000001	0	0	1	0	1	1	0	1	0	0	1	0	0	0	0	1	1	0	1	0	0	1	1	0	1	1	1	1	0	1	0	1	0	1	0	0	1	1	0	0	1	1	0	1	1	1	0	1	1	0	1	1	1	0	1	1	0	1	1	0	1	1	0	0	1	1	0	1	0	1	0	1	1	0	0	0	0	0	0	0	1	1	0	1	0	0	0	1	1	0	0	1	0	0	1	0	1	0	1	1	0	0	1	1
chr10: 107.5Mbp-108.5Mbp	chr10	107500001	0	1	0	0	1	1	1	1	1	0	1	0	0	0	0	0	1	0	1	1	0	1	0	0	0	1	0	1	0	1	1	0	1	1	1	1	0	1	1	0	0	1	0	1	0	1	1	1	0	0	0	0	0	0	1	1	1	0	0	0	0	0	0	0	1	1	1	0	1	1	0	1	0	1	0	0	0	1	0	1	0	1	1	1	0	1	1	1	1	1	0	1	1	0	1	0	1	1	0	0	0	0	1	0
chr10: 109.5Mbp-110.5Mbp	chr10	109500001	0	0	1	0	1	1	0	1	0	0	1	0	0	1	0	0	1	1	0	1	1	1	1	1	0	0	1	0	1	0	1	1	0	1	1	1	0	1	1	0	0	0	0	0	1	0	0	0	1	0	0	0	1	1	1	0	0	1	1	1	0	0	0	1	1	1	0	1	1	0	0	1	0	0	0	0	0	0	0	1	0	1	1	0	0	0	1	1	1	1	0	1	1	0	0	0	1	1	1	1	0	1	0	1
chr10: 110.5Mbp-111.5Mbp	chr10	110500001	0	1	1	0	1	1	1	0	1	0	1	0	0	1	0	0	1	1	0	0	1	1	0	0	1	0	1	1	0	1	1	0	1	0	1	0	0	1	1	0	0	1	0	1	1	1	0	0	1	1	1	1	0	0	1	1	0	0	1	1	0	0	0	1	1	1	0	0	1	1	1	1	0	0	0	0	0	1	1	0	0	0	1	1	0	1	1	1	1	0	0	0	0	0	1	0	1	1	1	0	0	1	1	0
chr10: 125Mbp-126Mbp	chr10	125000001	0	1	0	0	1	0	1	1	1	1	1	1	0	0	0	1	0	0	1	1	1	1	0	1	0	1	0	0	0	1	1	1	0	1	1	0	0	0	0	0	0	1	0	0	1	1	1	0	1	0	0	0	0	0	1	1	1	1	1	0	0	0	1	0	1	1	0	0	0	0	1	1	0	1	0	0	0	1	0	0	0	1	1	0	0	1	1	1	1	1	0	1	1	0	1	0	1	0	1	0	0	1	0	0
chr11: 20.5Mbp-21.5Mbp	chr11	20500001	0	1	1	1	1	1	1	1	1	1	1	0	0	1	0	1	1	0	0	0	1	1	0	1	0	1	0	1	0	0	1	1	1	1	0	1	0	1	0	0	1	1	0	0	1	0	1	0	0	0	0	0	0	1	1	1	0	1	1	1	1	0	0	0	1	1	1	0	1	0	0	1	0	1	0	0	0	1	0	1	0	0	1	0	0	1	0	1	1	0	0	0	1	0	1	0	1	1	1	1	1	0	0	0
chr11: 28.5Mbp-29.5Mbp	chr11	28500001	0	0	1	0	1	1	1	0	0	0	1	0	0	1	0	0	1	1	1	1	1	1	0	0	1	1	1	1	1	0	1	0	0	0	1	0	1	1	1	0	1	1	1	0	1	1	0	1	1	1	0	0	1	0	0	0	0	0	1	0	1	1	1	1	0	0	1	0	0	1	0	0	0	0	0	0	0	0	1	0	1	1	1	0	0	1	1	0	1	0	0	1	0	0	1	0	0	0	0	0	0	1	1	1
chr11: 29Mbp-30Mbp	chr11	29000001	1	1	1	0	1	1	1	1	1	0	1	0	1	1	0	0	1	0	1	1	1	1	0	0	1	1	0	1	0	0	0	1	0	0	1	1	1	1	1	0	1	1	1	0	1	0	1	0	1	1	0	1	1	0	1	0	0	0	1	1	1	1	0	1	1	1	1	0	0	0	0	0	0	0	0	0	0	1	1	0	0	1	1	0	0	1	0	0	1	0	0	1	1	0	0	0	0	0	1	0	0	0	1	1
chr11: 49.5Mbp-50.5Mbp	chr11	49500001	0	1	1	0	0	0	1	1	1	1	1	0	1	1	1	0	1	0	0	1	1	1	0	1	0	0	0	1	1	1	1	1	0	1	0	0	1	0	1	0	0	0	1	0	0	0	1	0	1	0	1	1	1	1	0	0	0	1	1	1	0	0	1	0	1	1	1	0	1	0	1	1	0	0	0	0	0	1	1	0	0	1	0	1	0	0	0	1	1	1	0	1	1	0	1	0	1	0	1	1	0	0	1	0
chr11: 55Mbp-56Mbp	chr11	55000001	0	1	1	0	1	0	1	1	1	1	0	0	0	1	1	0	1	0	1	1	0	0	0	0	0	0	0	1	1	1	1	1	1	0	1	0	1	1	0	0	1	1	0	0	0	0	1	0	1	1	0	0	0	0	1	1	0	0	0	1	1	1	1	0	0	1	0	0	1	1	0	1	0	0	0	0	0	1	1	0	0	1	1	1	0	1	1	1	1	1	0	0	0	0	1	0	0	1	1	1	0	1	0	1
chr11: 87.5Mbp-88.5Mbp	chr11	87500001	0	1	0	0	1	1	1	1	1	1	1	0	0	1	0	0	1	1	1	0	1	1	0	1	0	1	0	0	0	1	1	1	1	1	0	0	1	0	1	0	0	0	1	0	1	1	1	0	1	0	0	0	1	1	1	1	0	0	1	1	0	0	0	1	0	1	0	0	1	0	1	0	1	0	0	1	0	1	1	0	0	1	0	1	0	0	1	0	1	1	0	0	1	1	0	0	0	0	1	0	0	1	1	1
chr11: 90.5Mbp-91.5Mbp	chr11	90500001	0	1	1	0	1	1	1	1	1	1	1	0	1	0	0	0	1	1	0	1	1	1	0	1	0	0	1	1	1	0	1	0	1	1	1	0	0	1	0	0	0	0	1	0	1	1	1	1	0	1	0	0	1	0	1	0	1	1	0	1	0	0	1	0	1	1	0	0	0	0	0	1	1	0	0	0	0	1	1	0	0	1	1	0	0	1	0	1	0	1	0	0	0	0	1	0	1	1	0	1	0	1	0	0
chr11: 92Mbp-93Mbp	chr11	92000001	0	0	1	0	1	0	1	1	1	0	1	0	0	0	0	1	1	1	0	1	1	1	0	1	1	1	1	0	1	0	1	0	0	1	1	1	1	1	1	0	1	0	0	1	0	0	1	0	1	1	1	0	0	1	1	0	0	0	1	1	1	0	0	1	1	1	0	0	0	1	1	1	0	1	0	0	0	1	0	1	0	0	1	1	0	0	0	1	1	0	0	1	1	0	1	0	1	0	0	1	0	0	1	0
chr11: 99.5Mbp-100.5Mbp	chr11	99500001	0	1	1	1	0	0	1	0	1	1	1	0	0	1	0	0	1	0	0	1	1	1	0	0	0	1	1	0	1	1	1	0	1	1	1	1	1	1	0	0	1	0	0	0	1	1	0	1	1	1	1	0	0	1	1	0	1	0	1	1	0	0	0	0	0	1	0	0	0	1	1	1	1	0	0	0	0	1	0	0	0	1	1	0	0	1	1	0	0	1	0	1	0	0	1	0	1	1	1	0	0	1	0	1
chr11: 105.5Mbp-106.5Mbp	chr11	105500001	0	1	1	1	1	1	1	0	1	1	1	0	0	0	1	1	0	0	0	0	1	1	1	0	1	0	1	0	1	0	0	1	0	0	1	1	0	1	1	0	0	1	1	1	0	0	1	1	0	1	0	0	0	0	1	1	0	1	0	1	1	0	1	0	1	1	0	0	1	0	1	1	0	0	0	0	0	1	0	0	0	1	1	0	0	1	0	1	1	0	0	0	0	0	1	0	1	1	0	1	0	0	1	0
chr11: 109Mbp-110Mbp	chr11	109000001	0	1	0	1	0	1	1	1	1	1	1	1	0	1	0	0	1	1	1	0	1	0	0	1	0	0	1	0	0	1	0	0	0	1	1	0	0	1	1	0	0	1	0	0	1	1	1	0	1	1	0	1	0	1	1	1	0	1	1	1	1	0	1	0	1	1	0	0	1	0	0	1	0	0	0	1	0	0	0	0	0	1	1	1	0	0	0	1	1	1	0	1	0	0	1	0	1	0	1	1	0	0	0	1
chr11: 123.5Mbp-124.5Mbp	chr11	123500001	0	1	1	0	0	1	1	1	1	1	1	0	0	0	1	1	1	0	1	1	0	1	1	1	1	0	0	1	0	1	0	1	0	0	1	1	1	0	1	0	0	0	0	0	0	1	1	0	1	1	0	1	0	1	0	0	0	0	0	1	0	0	0	0	0	1	0	0	1	1	1	1	0	0	0	0	0	1	0	0	0	1	1	1	0	0	1	1	1	1	0	1	1	0	1	0	1	1	1	0	0	1	1	0
chr11: 126.5Mbp-127.5Mbp	chr11	126500001	0	1	0	0	0	0	1	1	1	0	1	0	0	0	0	1	1	1	0	0	0	1	1	0	0	0	1	1	1	1	1	0	1	1	1	1	0	1	1	0	0	0	0	1	0	1	1	1	1	1	0	1	0	1	1	1	0	0	0	1	0	0	0	0	1	0	1	0	1	1	1	1	0	1	0	1	0	1	0	1	0	1	1	0	0	0	0	0	1	1	0	1	0	0	1	0	1	0	1	0	0	1	0	0
chr12: 16.5Mbp-17.5Mbp	chr12	16500001	0	1	0	1	1	1	1	1	1	0	1	1	0	0	0	1	1	0	0	1	1	1	1	1	0	0	0	0	0	0	0	0	0	0	1	0	1	0	1	0	1	1	0	0	0	1	0	0	0	1	1	1	1	1	1	1	0	0	0	1	1	1	1	0	1	0	0	0	1	1	0	1	1	0	0	1	0	0	0	0	0	0	1	1	0	1	1	1	0	1	0	0	1	0	0	0	1	1	0	1	0	1	0	1
chr12: 23Mbp-24Mbp	chr12	23000001	0	0	1	1	1	1	1	1	1	0	1	0	1	0	0	1	0	1	0	0	0	1	0	0	0	1	0	1	0	1	0	0	0	1	1	1	0	1	0	0	1	1	0	0	0	1	0	1	1	1	0	0	1	1	1	0	1	0	1	1	0	1	0	0	0	1	1	0	1	0	1	0	0	0	0	0	0	1	0	0	0	1	1	1	0	0	1	1	0	1	0	0	1	0	1	0	1	1	1	1	0	1	1	1
chr12: 33Mbp-34Mbp	chr12	33000001	1	0	1	1	1	0	1	0	1	1	1	0	0	0	0	1	0	1	1	0	1	1	0	1	0	1	1	1	1	1	1	0	0	1	1	1	0	1	1	0	0	0	0	0	1	0	1	1	0	0	0	0	0	0	1	0	0	0	0	1	1	1	1	0	0	1	0	0	0	1	1	1	0	0	0	0	0	1	1	1	0	1	0	0	0	1	1	1	1	1	0	1	1	0	1	0	1	1	1	0	0	0	0	0
chr12: 40.5Mbp-41.5Mbp	chr12	40500001	0	1	1	1	1	1	1	1	1	0	1	0	0	0	0	1	1	0	0	0	0	1	1	0	0	0	1	1	1	1	1	0	0	0	1	1	1	1	1	0	0	0	0	0	1	1	1	0	1	1	0	1	0	0	1	0	0	1	0	1	1	0	0	0	1	1	0	0	1	0	0	1	0	1	0	0	0	1	0	1	0	1	1	1	0	0	1	1	1	1	0	0	1	0	1	0	1	0	1	0	0	1	0	0
chr12: 59.5Mbp-60.5Mbp	chr12	59500001	0	1	1	0	1	1	1	1	1	1	1	0	0	0	0	1	1	0	0	1	1	1	1	0	0	1	1	0	1	1	0	1	0	0	1	0	0	1	1	0	0	1	1	0	0	1	0	0	0	1	0	0	1	0	1	1	1	0	1	1	0	0	0	0	0	1	0	0	0	0	1	1	1	1	0	0	0	1	0	0	0	1	1	0	0	0	1	0	1	1	0	1	1	0	1	0	1	1	1	0	0	1	0	1
chr12: 60Mbp-61Mbp	chr12	60000001	0	1	1	0	0	1	1	1	1	0	1	0	0	0	0	0	1	0	0	1	1	1	0	1	0	1	1	0	0	1	0	1	0	1	1	0	0	1	1	0	0	1	0	0	0	1	1	1	1	0	0	0	0	1	1	1	1	1	1	1	0	0	0	0	0	1	0	0	1	0	1	1	1	1	0	0	0	0	0	1	0	0	1	0	0	0	1	0	1	0	0	1	1	0	1	0	1	1	1	0	0	1	1	0
chr12: 60.5Mbp-61.5Mbp	chr12	60500001	1	0	1	0	0	1	0	1	0	0	1	0	0	0	1	0	1	1	1	0	1	0	0	1	0	0	1	1	0	0	1	0	0	1	1	0	0	1	1	0	1	1	1	1	0	0	1	1	1	0	0	0	1	1	1	0	1	1	1	1	0	1	0	0	0	1	1	0	1	1	0	1	0	0	0	0	0	1	0	1	0	1	1	1	0	0	1	0	0	1	0	0	1	0	1	1	1	1	1	0	0	1	1	0
chr12: 61.5Mbp-62.5Mbp	chr12	61500001	0	1	1	0	1	1	1	1	0	1	1	1	0	1	0	0	1	1	0	1	0	1	0	1	0	1	0	0	0	1	1	1	0	1	1	0	0	1	1	0	0	0	1	0	1	0	1	1	0	0	1	1	0	1	1	0	0	1	1	0	1	0	1	0	0	1	0	0	0	1	1	1	0	1	0	0	0	0	0	0	0	0	1	1	0	0	1	1	1	0	0	0	1	0	1	0	1	1	0	0	0	1	0	0
chr12: 83.5Mbp-84.5Mbp	chr12	83500001	0	1	1	1	1	1	0	1	1	1	1	1	0	0	0	0	0	1	1	1	1	0	0	1	0	0	0	1	0	1	1	1	0	0	0	0	1	0	1	0	0	1	0	0	1	1	1	1	0	1	0	0	1	1	1	0	1	0	1	1	1	0	0	0	1	1	1	0	0	0	0	1	1	1	0	0	0	1	1	1	0	1	1	0	0	0	0	1	1	0	0	0	1	0	0	0	1	0	1	1	0	1	0	0
chr12: 85Mbp-86Mbp	chr12	85000001	0	1	1	0	1	1	1	1	1	0	1	0	0	1	0	0	1	0	1	1	0	1	1	0	0	0	1	0	1	1	0	1	1	0	1	0	0	0	0	0	1	1	1	1	1	0	1	1	1	0	0	1	1	1	1	1	0	1	1	1	0	0	0	0	1	0	0	0	1	0	1	0	0	0	0	0	0	0	1	0	0	0	1	1	0	1	1	0	0	1	0	1	0	0	0	0	1	0	1	1	0	0	0	1
chr12: 85.5Mbp-86.5Mbp	chr12	85500001	0	1	1	0	1	1	1	1	0	0	1	0	0	1	0	1	0	0	1	1	0	0	1	1	0	0	1	0	1	1	0	1	1	0	0	0	0	0	1	0	0	1	1	1	1	1	1	1	0	1	0	1	1	1	1	1	0	1	1	1	0	0	0	0	1	1	0	0	1	0	1	0	0	0	0	0	0	1	1	1	0	0	1	1	0	0	0	1	1	1	0	0	0	1	0	0	1	0	1	0	0	0	0	1
chr12: 86.5Mbp-87.5Mbp	chr12	86500001	0	1	1	1	0	1	1	1	1	1	1	0	0	1	0	1	1	0	1	1	0	1	0	0	0	1	1	1	0	0	0	1	0	1	1	1	0	1	0	0	1	0	1	1	1	1	1	1	0	1	0	0	0	1	1	0	0	0	1	1	0	0	0	1	1	1	1	0	1	0	0	1	0	0	0	0	0	1	1	0	0	1	1	0	0	1	0	0	1	1	0	1	0	0	1	0	1	0	1	1	0	1	0	0
chr12: 87Mbp-88Mbp	chr12	87000001	0	1	1	0	0	0	1	1	1	1	1	0	0	1	0	1	1	0	1	1	0	1	0	0	0	0	0	1	0	0	0	1	1	1	1	1	0	0	1	0	0	0	1	1	1	1	0	0	1	1	0	0	0	1	1	0	0	0	1	1	0	0	1	1	1	1	1	0	0	0	1	1	0	1	0	0	0	1	0	0	0	1	1	0	0	1	0	1	1	0	0	1	1	0	1	0	1	1	0	0	0	1	0	0
chr12: 87.5Mbp-88.5Mbp	chr12	87500001	0	1	0	0	0	0	1	1	1	0	1	0	0	0	0	1	1	0	1	1	0	1	0	1	0	1	1	1	1	1	0	1	1	1	1	1	0	0	1	0	0	0	0	0	1	0	1	0	1	0	0	0	0	1	1	1	0	1	1	1	0	0	1	0	1	1	0	0	1	0	1	1	0	1	0	0	0	0	0	0	0	1	1	0	0	1	0	1	1	0	0	1	1	0	1	0	1	1	0	0	0	1	1	1
chr12: 119Mbp-120Mbp	chr12	119000001	0	1	1	0	1	1	1	1	1	1	1	0	0	0	0	1	1	0	0	0	0	0	1	0	0	1	1	1	1	0	0	1	0	1	1	0	0	1	1	0	1	1	0	0	1	0	0	1	1	1	0	0	0	0	1	0	0	1	1	1	0	1	0	1	1	0	1	0	1	1	0	1	0	1	0	0	1	1	0	0	0	1	0	1	0	0	1	1	0	0	0	1	1	0	1	0	1	1	0	0	0	0	0	0
chr12: 128Mbp-129Mbp	chr12	128000001	0	1	1	0	1	0	0	0	1	1	0	0	0	1	0	1	1	0	0	0	1	0	1	1	1	1	1	1	0	1	1	1	0	0	1	0	0	1	0	0	1	1	0	0	1	1	1	1	0	1	1	0	0	0	1	1	1	0	0	1	1	0	1	0	1	1	1	1	0	1	0	0	0	0	0	0	0	0	0	1	0	1	1	1	0	1	0	1	1	0	0	1	0	0	1	0	0	0	1	0	0	1	0	0
chr13: 19.5Mbp-20.5Mbp	chr13	19500001	0	1	1	0	1	0	1	1	0	0	1	0	0	1	0	0	0	0	1	1	1	1	0	1	0	1	1	0	1	0	1	1	1	1	1	1	1	1	1	0	1	1	0	0	0	0	0	0	1	1	0	0	1	1	1	1	1	1	0	1	0	0	0	0	1	1	1	0	1	1	0	0	0	0	0	0	0	1	0	0	0	1	0	1	0	0	1	1	1	0	1	0	1	0	1	0	1	0	1	0	0	1	0	0
chr13: 22Mbp-23Mbp	chr13	22000001	0	0	0	1	1	1	0	0	1	1	0	0	0	0	0	1	0	1	1	0	1	0	0	1	1	1	1	0	1	0	0	1	1	0	1	1	1	1	1	0	1	0	0	0	1	1	0	0	1	0	1	1	0	0	1	0	0	0	1	1	1	1	1	0	1	1	1	0	0	0	1	0	0	0	0	0	0	1	1	1	0	1	1	0	0	1	0	0	1	1	0	0	0	0	1	0	0	0	1	0	0	1	1	1
chr13: 62Mbp-63Mbp	chr13	62000001	0	1	1	0	0	0	1	0	0	1	1	0	0	0	0	0	0	0	0	1	0	1	0	0	1	1	0	0	1	1	1	1	0	1	1	0	0	1	1	0	0	0	1	1	1	1	1	0	1	1	0	0	1	1	1	0	1	0	1	1	1	1	1	0	1	0	0	0	1	1	1	1	0	0	0	1	0	1	0	1	0	0	1	1	0	0	1	1	0	0	0	1	0	0	1	0	0	0	1	0	0	0	1	1
chr13: 64Mbp-65Mbp	chr13	64000001	0	0	1	0	0	1	1	1	1	0	1	0	0	0	0	1	1	1	1	1	1	0	1	1	1	0	0	1	0	0	1	1	1	0	1	1	0	1	1	0	0	0	0	0	1	1	1	1	0	1	0	0	0	1	1	0	0	0	0	0	1	1	0	0	1	1	1	0	1	1	0	0	0	0	0	0	0	1	0	0	0	0	1	1	0	0	1	1	1	0	0	0	1	0	1	1	1	0	1	1	0	0	1	0
chr13: 66Mbp-67Mbp	chr13	66000001	0	0	1	1	1	1	1	1	1	1	1	0	0	0	0	1	1	1	0	0	1	0	0	1	0	0	0	0	1	0	0	1	1	0	1	1	0	1	0	0	1	1	0	0	1	1	1	1	1	1	0	0	1	1	1	0	0	1	0	0	1	0	0	1	0	1	0	1	1	0	0	0	0	0	0	0	0	0	1	0	0	1	1	1	0	1	1	0	1	1	0	1	1	0	0	0	1	0	1	1	0	0	0	0
chr13: 67Mbp-68Mbp	chr13	67000001	0	1	1	0	0	1	0	1	1	1	1	1	0	0	1	0	0	1	1	0	1	1	0	1	0	1	1	1	0	1	1	0	0	1	1	1	0	1	1	0	1	0	0	1	1	0	1	1	0	1	1	0	1	0	1	1	0	0	0	1	1	0	0	0	0	0	1	0	1	0	1	1	0	1	0	0	0	1	0	0	1	0	1	1	0	0	1	0	1	0	0	1	0	0	0	0	1	1	1	0	0	1	0	0
chr13: 69.5Mbp-70.5Mbp	chr13	69500001	0	1	0	0	1	1	1	0	0	1	0	0	0	1	0	0	0	0	1	1	1	1	0	0	0	0	1	1	1	1	1	0	0	1	1	0	0	0	1	0	1	1	1	0	1	1	1	1	1	1	0	0	0	1	1	1	0	1	1	1	0	0	0	0	1	1	0	0	1	1	1	1	1	0	0	0	0	1	0	1	0	1	1	0	0	1	0	1	0	0	0	1	1	0	1	1	1	1	0	1	0	0	0	0
chr13: 78.5Mbp-79.5Mbp	chr13	78500001	0	1	1	1	1	0	1	1	0	0	1	0	0	0	0	0	1	0	1	1	1	0	1	0	0	0	1	0	0	1	1	1	0	0	1	0	1	1	0	0	0	1	1	0	1	0	1	0	1	0	0	0	1	1	1	1	1	1	1	1	1	0	1	0	1	1	1	0	1	1	0	0	1	1	0	0	0	1	1	0	0	1	0	1	0	0	0	1	1	0	0	1	0	0	1	0	1	1	0	0	0	1	0	1
chr13: 82.5Mbp-83.5Mbp	chr13	82500001	0	0	1	1	1	1	0	0	0	0	1	0	0	0	0	0	0	1	0	1	1	1	0	0	0	1	1	1	1	1	1	1	0	1	1	0	0	0	1	0	1	1	0	1	1	0	1	1	1	1	0	1	1	1	1	1	1	1	1	1	1	0	0	0	1	1	1	0	0	1	1	0	0	1	0	0	0	1	0	0	0	1	1	1	0	0	1	1	0	1	0	1	0	0	1	0	1	0	1	0	0	0	0	0
chr13: 83.5Mbp-84.5Mbp	chr13	83500001	0	1	1	0	0	0	1	0	1	0	0	0	0	0	0	0	1	0	0	0	0	0	0	0	1	1	1	1	1	1	1	1	0	1	1	0	0	1	0	0	1	1	1	0	1	1	1	1	1	1	0	0	1	1	1	0	1	1	0	0	0	0	1	0	1	1	1	0	0	0	1	1	1	0	0	0	0	1	0	1	0	1	1	1	0	0	0	1	1	1	0	0	1	0	1	0	1	0	1	0	0	1	1	0
chr13: 84Mbp-85Mbp	chr13	84000001	0	1	1	0	0	1	1	0	1	0	1	1	0	0	0	0	1	0	0	0	0	0	1	0	0	1	0	1	1	1	0	1	0	1	1	0	0	0	0	1	1	0	1	0	1	1	1	1	0	0	1	0	1	1	1	0	1	1	1	1	1	0	1	0	1	1	0	0	0	1	1	1	1	0	0	1	0	1	0	1	0	1	0	1	0	1	0	1	1	1	0	1	1	0	1	0	1	0	1	0	0	1	0	0
chr13: 86Mbp-87Mbp	chr13	86000001	0	1	1	0	1	0	1	1	1	1	1	0	0	1	0	1	1	1	1	0	0	0	0	1	0	0	1	1	0	1	0	1	0	1	1	0	1	1	1	0	0	1	1	0	1	0	1	1	1	1	0	1	1	0	0	1	0	0	0	0	0	0	0	0	0	1	0	0	1	0	0	0	1	0	0	0	0	1	0	0	0	1	1	1	0	0	1	1	1	1	0	1	0	0	0	0	1	1	1	0	0	1	0	1
chr13: 88.5Mbp-89.5Mbp	chr13	88500001	0	1	1	0	1	0	1	0	1	0	1	0	0	1	0	0	1	1	0	0	1	0	0	1	0	1	0	0	1	0	1	1	1	1	1	1	0	0	1	0	1	1	1	1	1	0	0	1	0	1	1	0	0	0	1	0	1	0	1	1	1	0	1	1	1	1	0	0	1	0	1	1	0	0	0	0	0	1	1	1	0	0	1	1	0	0	0	0	0	1	0	0	0	0	1	0	1	1	1	1	0	1	0	0
chr13: 101.5Mbp-102.5Mbp	chr13	101500001	0	0	1	0	1	1	1	1	1	1	1	0	0	0	0	0	0	1	1	1	0	0	0	1	1	0	1	0	1	1	1	1	1	1	0	0	1	0	1	0	1	1	1	1	1	1	1	0	1	0	0	0	1	1	1	1	1	0	1	0	1	0	0	0	0	0	1	0	1	0	1	1	0	1	0	0	0	0	0	0	0	0	0	1	0	1	1	0	1	1	0	1	1	0	0	0	1	1	1	1	0	0	0	0
chr13: 102Mbp-103Mbp	chr13	102000001	0	1	1	0	0	0	1	1	1	1	1	0	0	0	0	0	0	1	1	1	0	1	0	1	1	0	0	0	1	1	1	1	1	1	0	0	1	1	1	0	0	0	1	1	1	1	1	0	1	1	0	0	1	1	1	0	0	1	0	0	1	0	1	1	0	0	1	0	1	0	0	1	0	1	0	0	0	0	0	0	0	0	1	1	0	0	1	1	0	0	0	1	1	0	1	0	1	1	0	1	0	0	0	0
chr13: 103Mbp-104Mbp	chr13	103000001	1	1	0	0	0	0	1	1	0	1	1	0	0	1	0	0	0	1	1	0	0	0	1	1	1	0	1	0	0	1	1	1	0	1	0	0	0	1	1	0	0	0	0	0	1	1	1	0	0	1	0	0	1	1	1	0	1	0	0	1	0	0	1	1	0	1	1	0	1	1	1	1	1	1	0	0	0	0	0	0	0	1	1	0	0	0	1	1	1	0	0	1	1	0	1	0	1	1	1	0	0	0	0	1
chr13: 103.5Mbp-104.5Mbp	chr13	103500001	1	1	0	0	1	0	1	1	1	0	1	1	0	1	0	0	1	1	1	0	0	0	1	1	1	1	0	1	0	0	1	0	1	0	1	1	0	1	1	0	0	0	1	0	0	1	1	0	0	1	1	1	0	1	1	0	1	0	0	1	1	0	0	1	0	1	1	0	0	0	1	1	0	1	0	0	0	1	0	0	0	1	1	1	0	0	1	1	1	0	0	1	1	0	1	0	0	1	0	1	0	0	1	1
chr13: 107Mbp-108Mbp	chr13	107000001	0	0	1	0	0	1	1	0	1	1	1	0	1	1	0	1	1	0	1	1	0	1	0	1	1	0	1	1	0	1	0	1	0	1	1	0	0	0	1	0	0	0	0	0	1	0	1	0	1	1	0	1	0	1	1	0	1	1	0	1	1	1	1	0	0	1	0	0	1	1	1	1	0	0	0	0	0	0	1	0	0	1	1	1	1	1	1	1	1	0	0	0	0	0	1	0	1	1	1	0	0	1	0	0
chr13: 108.5Mbp-109.5Mbp	chr13	108500001	0	0	0	0	1	1	0	1	1	0	1	1	1	0	0	1	1	0	1	1	0	0	0	1	1	0	1	0	1	0	1	0	1	0	1	1	1	0	1	0	0	1	1	0	1	0	1	0	1	1	0	0	0	0	1	1	0	0	0	1	1	0	0	1	0	1	1	0	1	1	1	0	0	0	0	0	0	1	0	1	0	0	0	1	1	0	1	0	0	1	0	1	0	0	0	0	1	1	0	1	0	1	1	1
chr14: 29.5Mbp-30.5Mbp	chr14	29500001	1	0	1	0	1	0	1	0	0	1	1	0	1	1	0	0	0	0	1	1	1	0	0	1	1	0	0	0	1	0	1	1	1	0	1	1	1	1	1	0	0	1	0	1	0	0	1	1	0	1	1	0	1	1	0	0	0	1	0	0	0	0	1	0	1	1	1	0	0	0	0	1	0	0	1	0	0	1	0	0	0	1	0	0	0	0	1	0	1	1	0	1	0	0	1	0	1	1	1	1	0	1	1	0
chr14: 41Mbp-42Mbp	chr14	41000001	0	1	1	0	0	1	1	1	0	1	1	0	1	1	1	0	1	1	1	0	0	1	0	0	0	0	1	0	0	1	1	1	1	1	1	1	0	1	1	0	1	0	0	0	1	1	0	0	1	0	0	0	0	1	1	1	0	0	1	1	0	0	0	0	0	1	1	0	0	1	0	1	0	1	0	0	0	1	0	0	0	0	1	0	0	1	1	1	1	1	0	1	1	0	0	0	1	0	0	1	0	0	1	0
chr14: 41.5Mbp-42.5Mbp	chr14	41500001	0	0	0	0	1	1	1	1	0	0	0	0	0	1	0	1	1	1	1	0	1	1	0	1	0	0	0	1	1	1	1	1	1	1	1	1	0	1	1	0	0	0	1	1	1	1	1	0	0	1	0	0	0	1	1	0	0	0	0	1	0	0	0	0	1	1	1	0	1	0	0	1	1	1	0	0	0	1	0	0	0	0	1	1	0	0	0	1	1	1	0	0	1	0	1	0	1	0	1	1	0	1	1	0
chr14: 45.5Mbp-46.5Mbp	chr14	45500001	0	1	1	0	1	1	1	0	1	1	1	0	0	0	0	0	1	1	0	1	0	1	0	0	1	0	1	0	1	1	1	0	1	1	1	1	0	1	1	0	0	0	0	0	0	0	1	0	0	0	0	0	1	1	1	0	1	0	0	0	1	0	1	1	0	1	1	1	1	1	0	1	0	0	0	0	0	1	0	0	0	0	1	1	0	0	0	1	1	1	0	1	1	0	1	0	1	0	1	0	0	1	0	1
chr14: 86Mbp-87Mbp	chr14	86000001	1	1	1	0	0	1	0	0	0	1	1	0	0	1	0	1	1	0	1	0	1	1	1	1	0	0	0	1	1	1	1	1	0	1	1	0	0	1	1	0	0	1	0	0	0	1	1	0	1	0	1	1	0	0	1	0	0	0	0	1	1	0	1	0	1	1	0	0	1	1	1	1	1	0	0	0	0	1	1	1	0	1	0	1	0	0	0	1	0	1	0	1	1	0	1	0	0	1	0	1	0	0	0	0
chr14: 87.5Mbp-88.5Mbp	chr14	87500001	0	1	1	0	1	1	0	1	0	1	1	0	0	0	0	0	0	0	1	0	1	1	0	0	1	1	1	1	1	0	0	0	1	0	0	1	1	0	1	0	0	1	1	1	0	1	1	1	1	1	1	0	0	1	1	0	1	1	1	0	0	0	1	0	0	0	0	0	1	1	1	1	0	0	0	0	0	1	0	0	0	0	1	1	1	0	0	1	1	1	0	0	0	0	1	1	1	1	1	0	0	1	0	1
chr14: 98Mbp-99Mbp	chr14	98000001	0	1	0	0	1	1	0	1	1	0	1	0	0	1	0	0	1	0	1	0	1	1	0	0	0	1	0	0	1	1	1	1	1	1	0	0	1	1	1	0	1	1	0	0	1	1	1	0	0	1	0	0	1	0	1	1	1	1	1	1	1	0	1	0	1	1	0	0	0	0	0	0	0	1	0	0	0	1	0	1	0	1	1	0	0	0	1	1	1	1	0	0	1	0	1	0	1	1	0	1	0	0	0	0
chr15: 26Mbp-27Mbp	chr15	26000001	0	0	0	0	1	1	0	0	1	1	1	1	0	1	0	0	0	0	0	1	1	1	0	0	0	1	1	0	1	0	0	1	1	1	1	0	1	1	0	0	1	1	1	1	0	1	0	1	1	1	0	0	1	1	1	1	1	0	1	0	1	0	1	1	1	1	1	0	0	1	0	0	0	0	0	0	0	1	1	1	0	1	1	0	0	0	1	0	0	0	0	1	0	0	0	0	1	1	1	0	0	1	1	0
chr15: 53Mbp-54Mbp	chr15	53000001	0	0	1	1	1	1	1	1	1	1	0	0	0	0	0	0	1	0	1	0	1	1	0	1	0	1	0	0	1	0	1	1	0	0	1	0	0	1	1	0	0	0	1	0	0	1	0	0	0	1	1	0	0	0	1	1	0	0	1	1	1	0	0	0	1	1	1	0	1	1	1	1	0	1	0	0	0	1	0	0	0	1	1	1	0	1	1	0	1	1	0	1	1	0	1	0	1	1	0	1	0	0	0	0
chr15: 54Mbp-55Mbp	chr15	54000001	0	1	1	1	1	1	1	1	1	1	0	0	0	1	0	0	1	1	0	1	1	0	0	0	1	1	0	1	1	1	1	1	1	1	1	0	0	1	1	0	1	1	1	1	1	1	0	0	0	1	0	0	1	1	1	0	0	0	0	0	0	0	0	0	0	1	0	0	1	0	0	0	0	1	0	0	0	1	1	1	0	1	1	0	0	1	1	1	1	0	0	0	0	0	0	0	0	1	1	1	0	1	0	0
chr16: 5Mbp-6Mbp	chr16	5000001	0	1	0	0	1	0	0	0	1	1	1	0	0	0	1	1	1	1	1	1	1	0	0	1	0	1	1	1	1	1	1	0	1	1	1	0	0	0	0	1	0	1	0	0	1	0	0	0	0	1	0	0	0	0	1	1	0	1	1	0	0	0	1	0	0	0	1	0	0	1	1	1	0	0	0	0	0	1	1	1	0	0	1	1	1	1	1	1	1	1	0	1	1	0	0	0	1	1	0	1	0	0	0	0
chr16: 13Mbp-14Mbp	chr16	13000001	0	0	1	0	1	0	1	1	1	1	1	0	1	0	0	0	1	0	0	0	1	1	0	1	0	1	1	0	1	1	1	0	0	0	1	0	0	1	1	0	0	0	0	0	1	0	1	0	0	1	0	1	1	0	1	0	1	1	0	1	1	0	1	1	1	1	1	0	1	1	1	0	1	0	0	0	0	1	1	0	0	1	1	1	0	1	0	1	0	1	0	1	1	0	0	0	1	0	0	0	1	1	0	0
chr16: 23.5Mbp-24.5Mbp	chr16	23500001	1	1	1	0	0	1	1	0	0	1	1	0	0	0	0	1	1	1	0	0	0	1	0	0	1	1	0	0	0	1	1	1	0	0	1	0	1	1	1	0	1	0	1	0	1	1	1	0	1	1	0	0	1	1	0	1	0	0	1	1	1	0	1	0	1	1	1	0	1	0	0	1	0	1	0	0	0	0	0	0	1	1	1	0	0	1	0	1	1	0	0	1	1	0	1	0	1	0	0	0	0	0	1	0
chr16: 26Mbp-27Mbp	chr16	26000001	0	1	1	1	1	0	0	1	1	0	1	0	0	1	0	1	1	1	1	1	0	0	0	1	0	1	0	1	0	0	0	0	1	1	1	1	0	1	1	0	1	0	1	0	0	0	1	0	1	1	0	0	1	0	1	1	0	0	1	1	1	0	1	1	1	0	0	0	0	0	1	1	0	0	0	0	0	1	0	1	0	0	1	0	0	1	1	1	1	1	0	0	0	0	1	0	0	0	1	1	1	1	0	0
chr16: 59Mbp-60Mbp	chr16	59000001	0	0	1	0	1	0	1	1	1	0	1	0	0	1	0	1	1	0	1	0	0	0	1	1	1	1	0	0	0	1	1	1	0	0	1	0	0	1	0	0	1	1	1	0	1	0	1	0	1	0	0	1	0	1	1	0	0	1	1	1	1	0	1	0	1	1	1	0	1	1	1	1	0	0	0	0	0	1	0	0	0	1	1	1	0	0	1	1	1	1	0	1	1	0	1	0	0	0	1	0	0	1	0	0
chr16: 61Mbp-62Mbp	chr16	61000001	0	1	1	0	1	0	1	1	1	0	1	0	0	1	1	1	0	1	1	1	0	1	0	1	0	0	1	1	0	1	1	0	1	0	1	1	0	1	0	0	0	1	0	0	0	1	1	0	0	1	0	0	1	1	1	1	1	0	0	0	0	1	1	0	1	0	1	0	0	1	1	1	1	1	0	1	0	1	0	1	0	0	0	1	0	0	1	1	0	0	0	0	1	0	1	1	1	1	0	1	0	1	0	0
chr16: 64Mbp-65Mbp	chr16	64000001	0	1	1	0	1	1	1	1	1	0	1	0	1	0	0	1	0	1	0	1	0	1	0	1	0	1	0	0	1	1	1	1	0	0	1	0	0	1	1	0	0	0	0	1	0	0	1	0	0	0	0	0	1	1	0	0	1	1	1	1	1	1	1	0	0	1	1	0	1	1	0	1	0	1	0	0	0	1	0	0	0	0	1	1	0	0	1	1	0	0	0	1	0	0	1	1	1	0	0	0	0	1	1	0
chr17: 32Mbp-33Mbp	chr17	32000001	0	1	1	1	1	0	1	0	1	1	1	1	0	0	0	0	1	0	1	0	1	0	0	1	0	1	1	0	0	1	1	0	0	1	1	0	0	0	1	0	0	1	0	1	1	1	0	0	1	0	0	0	0	1	0	1	1	1	1	0	0	0	1	0	0	1	1	0	0	1	1	1	0	0	0	0	0	1	1	1	1	1	0	1	0	1	1	1	1	1	0	1	1	0	1	0	1	1	0	0	0	0	0	0
chr18: 35Mbp-36Mbp	chr18	35000001	0	0	1	0	1	1	1	1	1	1	0	0	0	1	0	1	0	1	0	1	0	0	0	0	0	1	1	1	0	0	0	1	1	0	1	1	0	1	1	0	0	1	1	1	1	1	1	1	1	0	1	0	0	0	1	1	0	1	0	0	0	0	0	1	0	1	1	0	1	0	1	1	0	0	0	0	0	1	1	1	0	1	0	0	0	1	1	0	1	1	0	1	0	0	1	0	0	1	1	1	0	1	0	1
chr18: 49Mbp-50Mbp	chr18	49000001	0	0	1	0	1	1	0	1	1	0	1	0	0	1	0	0	0	0	0	0	0	1	0	0	1	0	1	1	1	0	1	1	1	1	1	1	0	0	1	0	0	1	0	0	1	1	1	1	1	1	1	0	0	1	1	1	1	1	1	1	0	0	1	1	0	1	1	0	0	0	1	1	0	0	0	0	0	1	1	0	0	1	1	0	0	1	0	0	1	1	0	1	0	0	0	0	1	0	1	0	0	1	1	1
chr18: 50Mbp-51Mbp	chr18	50000001	0	0	0	0	0	0	1	1	1	1	1	0	0	0	0	0	0	1	1	1	0	1	0	0	1	0	0	1	0	1	1	1	1	1	1	0	1	1	1	0	1	1	1	0	1	1	0	0	1	0	1	0	0	1	1	1	0	0	1	0	1	1	0	0	1	1	1	0	0	0	1	0	0	1	0	0	0	1	1	1	0	1	0	1	0	0	0	0	0	0	0	1	1	0	1	0	1	1	0	1	0	0	0	1
chr18: 61.5Mbp-62.5Mbp	chr18	61500001	0	1	0	1	1	1	1	1	1	0	1	0	0	1	0	0	1	1	0	0	0	0	0	0	1	0	0	1	0	1	0	1	1	1	1	0	1	1	1	0	0	0	0	1	0	1	1	0	1	1	0	0	1	1	1	1	0	0	1	1	1	1	1	0	0	1	1	1	0	0	1	1	0	1	0	0	0	0	0	1	0	0	0	0	0	1	1	0	1	0	0	0	1	0	0	0	1	0	1	0	0	1	0	1
chr18: 62.5Mbp-63.5Mbp	chr18	62500001	0	1	1	0	0	1	1	0	1	1	1	0	0	1	0	0	1	1	0	1	0	0	1	1	0	1	0	1	0	1	1	1	1	1	0	1	0	1	0	0	1	1	0	1	1	1	1	0	1	1	0	1	1	1	1	0	1	1	0	0	0	0	0	0	0	1	0	0	1	0	0	1	0	1	0	0	0	1	1	0	0	0	0	0	0	1	1	1	1	1	0	0	1	0	1	0	0	1	1	1	0	1	1	0
chr18: 75Mbp-76Mbp	chr18	75000001	0	1	1	0	1	0	1	0	1	0	1	0	0	1	0	0	1	0	1	1	0	1	0	1	0	1	1	1	0	0	0	1	1	0	1	0	1	0	0	1	1	0	1	1	1	0	1	0	1	0	1	1	1	0	1	1	1	1	1	0	1	0	0	0	0	0	0	0	1	1	0	0	0	0	0	0	0	0	1	1	0	1	1	0	0	1	0	1	1	0	0	0	1	0	1	1	1	1	1	0	0	0	1	0
chr19: 22.5Mbp-23.5Mbp	chr19	22500001	0	1	0	1	1	1	1	0	1	0	1	0	0	1	0	0	0	0	0	0	1	0	0	0	1	1	0	0	1	0	0	1	1	1	1	0	0	1	1	0	0	1	1	0	0	0	0	1	0	1	1	0	1	1	1	0	1	0	1	1	1	0	1	1	0	1	0	0	1	1	0	1	1	0	0	0	0	1	1	1	0	1	1	0	0	1	0	1	1	1	1	1	0	0	1	0	1	1	1	1	0	1	0	0
chr2: 1.5Mbp-2.5Mbp	chr2	1500001	0	1	1	0	0	1	1	1	1	0	0	0	0	0	0	0	0	1	0	1	1	0	0	0	0	1	1	1	0	1	1	1	1	1	0	1	1	0	1	0	0	0	1	0	1	1	0	0	1	0	0	0	0	1	1	0	0	1	1	0	1	0	1	1	0	1	1	0	0	0	1	1	0	1	0	0	0	1	0	0	0	1	0	1	0	1	1	1	0	0	1	1	1	0	0	0	1	1	1	1	0	1	0	0
chr2: 21.5Mbp-22.5Mbp	chr2	21500001	0	1	1	0	1	1	1	1	1	0	1	0	0	0	0	0	0	0	0	1	1	0	0	1	1	0	1	1	1	1	1	1	1	0	1	0	0	1	1	0	1	1	0	0	1	1	1	1	1	0	0	0	1	1	1	0	0	1	0	1	0	1	0	1	0	0	0	0	1	0	0	0	1	0	0	1	0	1	1	0	0	1	1	1	0	0	1	0	1	0	0	0	1	0	0	0	0	0	0	1	0	0	1	1
chr2: 56Mbp-57Mbp	chr2	56000001	0	1	0	0	0	1	1	1	1	0	1	0	0	1	0	1	1	0	0	1	0	0	0	0	1	0	0	0	0	1	1	0	0	1	0	1	1	1	1	0	0	1	0	0	1	1	1	1	0	1	1	0	1	0	1	1	0	1	1	0	0	1	0	0	0	1	1	1	1	1	1	1	0	1	0	0	0	1	0	0	0	1	1	0	0	1	0	0	1	1	0	1	1	0	0	0	1	0	1	1	0	0	0	0
chr2: 59Mbp-60Mbp	chr2	59000001	1	1	1	1	1	1	1	1	1	0	1	0	0	0	0	0	1	0	0	0	0	0	0	1	1	1	0	0	1	0	1	1	0	0	1	0	1	1	1	0	1	1	1	0	1	0	1	0	1	1	1	1	1	0	0	0	0	1	1	0	0	0	0	1	0	1	0	1	0	0	0	1	0	1	0	0	0	1	0	0	0	1	1	0	0	1	0	1	0	1	0	1	1	0	0	1	0	0	0	1	0	1	1	1
chr2: 79Mbp-80Mbp	chr2	79000001	0	1	1	0	1	1	1	1	1	1	1	0	0	1	0	1	1	1	0	0	1	0	1	0	0	1	1	0	1	0	1	1	1	0	1	1	0	0	0	0	0	1	1	0	0	0	0	0	0	1	0	0	1	1	1	0	0	1	1	0	1	0	1	1	1	1	0	0	1	0	0	1	1	1	0	0	0	1	1	0	0	1	1	0	0	0	0	1	1	1	0	1	1	0	0	0	1	0	0	1	0	0	0	0
chr2: 81.5Mbp-82.5Mbp	chr2	81500001	0	1	1	1	0	1	0	1	1	1	1	0	0	0	1	0	1	1	0	1	0	1	0	0	1	1	1	0	0	1	1	0	0	1	1	0	1	1	1	0	0	1	1	1	1	1	1	0	0	0	1	1	1	0	0	1	0	0	0	1	1	0	0	0	0	1	0	0	1	0	1	0	1	1	0	0	0	0	1	0	0	1	1	1	0	0	1	1	1	0	0	0	1	0	0	0	0	1	0	1	0	1	1	0
chr2: 83Mbp-84Mbp	chr2	83000001	0	0	1	1	0	0	0	1	0	0	0	0	1	0	0	1	1	1	0	0	1	1	0	0	1	1	0	1	1	1	1	1	1	0	1	1	1	0	0	0	0	1	1	1	0	1	1	1	1	1	0	0	1	1	1	1	0	0	0	1	0	0	0	0	1	1	0	0	0	0	0	1	1	1	0	0	0	1	1	1	0	0	1	0	0	1	1	0	1	1	0	1	0	0	0	0	1	1	0	1	0	1	0	1
chr2: 84Mbp-85Mbp	chr2	84000001	0	1	1	1	1	1	1	0	1	1	1	0	0	0	0	0	1	0	0	0	1	0	0	1	1	1	1	0	0	1	0	1	1	1	0	1	0	1	1	0	1	1	1	0	1	1	0	1	1	0	0	1	0	1	1	0	0	0	1	1	0	0	1	0	1	1	1	0	1	0	1	1	0	0	0	0	0	1	0	0	0	0	1	0	0	1	0	0	0	0	0	1	1	0	1	0	0	1	1	0	0	1	1	1
chr2: 118.5Mbp-119.5Mbp	chr2	118500001	0	1	0	1	1	1	1	1	1	1	1	0	0	1	0	0	1	1	1	1	1	0	0	1	1	0	1	0	1	1	1	0	1	0	1	1	0	0	0	0	0	1	1	0	1	0	1	0	0	1	1	0	1	1	1	1	0	0	0	1	0	1	0	0	0	1	0	0	1	1	1	1	0	0	0	0	0	1	0	0	0	1	0	0	0	1	1	0	0	1	0	1	0	0	1	0	1	0	1	1	0	1	0	0
chr2: 119Mbp-120Mbp	chr2	119000001	0	1	0	1	0	1	1	1	1	1	1	0	0	1	0	1	1	1	1	1	1	1	0	1	1	0	0	1	0	0	0	1	1	1	1	1	0	0	0	0	0	1	1	0	1	0	1	0	0	1	1	0	0	1	1	1	0	0	0	0	0	1	0	0	0	1	1	0	1	0	0	1	0	0	0	0	0	0	0	0	0	1	1	1	0	0	1	0	1	0	0	0	0	0	1	0	1	1	1	1	0	1	1	0
chr2: 124Mbp-125Mbp	chr2	124000001	0	1	1	1	1	1	1	0	1	1	0	1	0	0	1	0	1	1	1	0	1	1	0	0	1	0	1	1	1	0	0	0	1	0	1	0	0	1	0	0	1	1	0	0	1	0	1	0	1	1	0	0	1	1	0	1	0	0	0	1	1	0	1	1	0	1	0	1	0	1	1	0	1	1	0	0	0	1	0	0	0	1	1	1	0	0	0	1	1	0	0	0	1	0	0	0	1	1	0	0	0	1	0	0
chr2: 126.5Mbp-127.5Mbp	chr2	126500001	0	1	0	0	1	0	1	1	1	1	0	0	0	0	0	1	1	1	0	0	1	1	0	0	0	1	1	1	1	1	1	1	1	1	1	0	0	1	0	0	1	1	1	0	0	0	1	1	1	1	1	0	1	1	1	0	0	0	0	0	1	0	1	1	1	1	1	0	0	0	1	0	0	0	0	0	0	1	1	0	0	1	1	1	0	1	0	1	0	1	0	1	0	0	1	0	1	0	1	1	0	0	1	0
chr2: 127Mbp-128Mbp	chr2	127000001	0	1	1	0	1	0	1	1	0	1	0	0	0	0	0	0	1	1	0	0	1	0	0	0	0	0	1	0	0	1	1	1	1	1	1	1	1	1	0	0	1	1	1	0	0	1	1	0	1	1	1	0	1	1	1	1	0	0	0	0	1	1	1	0	1	1	0	1	0	1	1	1	0	0	0	0	0	0	1	1	0	1	1	1	0	1	0	1	0	0	0	1	0	0	1	1	1	0	1	1	0	1	0	0
chr2: 137Mbp-138Mbp	chr2	137000001	0	0	1	1	1	1	0	1	1	1	1	0	0	0	0	0	1	1	0	0	0	1	0	0	1	1	0	1	0	0	1	1	1	1	1	0	1	1	1	0	1	1	1	0	0	0	1	1	0	1	0	0	0	1	0	1	0	0	1	1	0	1	1	0	0	1	0	0	1	0	0	1	1	0	0	0	0	1	0	1	0	1	1	1	0	1	1	1	1	1	0	1	1	0	1	0	0	0	1	0	0	0	1	0
chr2: 141.5Mbp-142.5Mbp	chr2	141500001	0	1	1	1	0	1	1	0	1	0	1	1	0	0	0	0	0	0	1	1	1	1	0	1	1	1	1	0	1	1	0	1	0	0	1	0	0	1	0	0	1	1	0	0	1	1	1	0	1	1	0	0	1	0	1	1	0	0	0	1	1	1	1	1	1	0	0	0	1	0	0	1	0	1	0	0	0	1	1	1	0	1	1	0	0	1	1	1	1	1	0	0	0	0	1	0	1	0	1	0	0	1	0	0
chr2: 142.5Mbp-143.5Mbp	chr2	142500001	0	1	1	0	1	1	0	1	1	1	0	0	0	1	0	0	0	0	1	0	1	1	0	0	1	0	1	0	0	1	1	1	0	0	1	1	1	1	0	0	1	1	1	0	1	0	0	0	0	0	0	0	1	1	1	0	0	0	1	1	0	0	1	1	1	1	1	0	0	0	0	1	1	0	0	0	0	1	1	1	0	1	1	1	0	0	0	1	1	0	0	1	1	0	1	0	1	0	1	0	0	0	0	1
chr2: 146Mbp-147Mbp	chr2	146000001	0	1	1	0	1	0	1	1	0	0	1	0	0	1	0	0	1	0	1	1	1	0	0	1	1	1	0	0	1	1	1	1	0	1	0	0	0	0	1	0	1	1	0	1	1	1	1	1	1	0	0	0	1	0	1	1	0	1	1	1	1	0	1	0	1	1	1	0	1	0	1	0	1	0	0	0	0	1	0	0	0	1	0	0	0	1	0	0	1	1	0	1	0	0	1	0	1	0	1	1	0	0	0	1
chr2: 147Mbp-148Mbp	chr2	147000001	0	0	0	1	1	1	1	1	0	1	0	0	0	0	0	0	1	0	0	1	0	0	0	0	0	0	0	0	1	1	1	0	0	1	0	0	0	1	1	0	0	0	0	0	0	1	1	1	0	1	0	0	1	1	1	0	1	1	1	1	1	1	1	0	1	1	0	0	1	0	1	1	0	1	0	0	0	1	1	1	0	1	1	1	0	1	1	1	1	1	0	1	1	0	0	0	0	1	1	1	0	1	0	0
chr2: 155Mbp-156Mbp	chr2	155000001	0	1	1	0	0	1	1	0	1	0	1	0	0	0	0	1	0	1	0	0	1	1	1	1	0	0	1	0	0	0	0	1	1	0	0	0	1	0	1	0	0	1	1	1	0	1	1	1	0	0	1	0	1	1	1	0	0	0	0	0	1	0	1	1	0	1	1	1	0	1	0	1	0	1	1	0	0	1	0	1	0	1	0	0	0	1	1	0	1	0	0	0	0	0	1	0	1	1	1	1	0	1	1	1
chr2: 155.5Mbp-156.5Mbp	chr2	155500001	0	1	1	0	1	1	1	0	1	0	1	0	0	1	0	1	0	1	0	0	0	1	1	1	0	0	1	0	0	1	0	1	1	0	1	0	0	0	1	0	0	1	1	1	0	1	1	1	0	1	0	0	1	1	1	0	0	0	1	0	1	0	0	0	0	1	1	0	0	1	1	1	0	0	1	1	0	1	0	1	0	1	0	0	0	0	0	1	1	0	0	1	1	0	1	0	1	1	1	0	0	1	1	1
chr2: 167Mbp-168Mbp	chr2	167000001	0	0	0	0	1	0	0	1	1	0	1	0	1	0	1	0	0	0	1	1	0	0	0	1	1	0	1	1	1	1	1	0	1	1	1	0	1	0	1	0	1	0	1	1	1	0	1	1	1	1	0	1	1	1	1	0	1	1	0	1	0	0	0	0	0	0	0	1	1	1	0	1	0	0	0	0	0	0	0	0	0	1	0	1	1	1	0	1	1	1	0	0	1	0	1	0	1	1	1	1	0	1	1	0
chr2: 199.5Mbp-200.5Mbp	chr2	199500001	0	1	1	0	0	1	1	1	1	1	1	0	0	1	1	1	1	0	1	0	0	0	0	1	0	1	1	0	0	1	1	0	0	0	0	0	0	1	1	0	0	1	0	0	0	1	1	1	0	0	0	1	1	1	1	1	0	0	1	1	1	0	1	0	0	0	0	0	0	1	1	1	0	1	0	1	0	1	0	0	0	1	1	1	0	1	1	1	1	1	0	1	1	0	1	0	1	0	0	1	0	1	0	0
chr2: 211.5Mbp-212.5Mbp	chr2	211500001	0	0	0	0	0	1	1	1	0	0	1	0	1	1	0	1	1	0	0	0	1	1	0	0	1	1	1	0	0	1	0	1	1	1	1	1	1	0	1	0	1	0	0	1	1	1	0	1	0	0	0	1	0	1	1	1	1	1	1	1	1	0	1	0	1	1	1	0	1	1	1	1	1	0	0	0	0	0	0	1	0	1	1	0	0	0	1	1	1	1	0	1	0	0	0	0	0	0	0	0	0	1	0	0
chr20: 6Mbp-7Mbp	chr20	6000001	0	1	0	1	1	1	1	1	1	0	1	0	0	1	0	0	1	0	0	0	0	1	1	0	0	0	1	1	0	0	1	0	1	1	1	1	0	0	1	0	1	0	0	0	0	1	1	1	0	1	0	1	0	1	0	1	0	0	0	1	1	0	0	1	1	1	0	0	1	1	1	1	1	1	0	0	0	1	0	0	0	1	0	1	0	0	1	1	1	0	0	0	0	0	1	0	1	1	0	1	0	1	0	1
chr20: 11.5Mbp-12.5Mbp	chr20	11500001	0	1	0	1	1	0	0	1	1	1	1	1	0	0	0	0	1	0	0	1	0	0	0	0	0	1	1	1	0	1	1	0	0	1	1	1	0	1	1	0	1	0	1	0	0	0	1	0	1	1	0	0	0	1	1	1	0	1	1	0	1	1	1	1	0	1	0	0	1	0	1	1	0	0	0	1	0	0	1	0	0	1	1	0	0	1	1	1	1	1	0	1	1	0	0	0	1	1	0	0	0	0	0	0
chr20: 53Mbp-54Mbp	chr20	53000001	0	0	0	0	1	1	1	1	1	0	1	0	0	1	0	1	1	0	1	0	0	0	0	1	1	1	0	1	1	1	1	1	1	1	1	1	1	0	1	0	0	1	0	0	1	0	1	1	1	0	0	0	0	1	1	0	0	1	0	1	1	0	1	0	1	1	1	0	0	0	0	1	1	1	0	0	0	1	1	0	0	1	1	1	0	1	1	0	1	0	0	0	1	0	0	0	1	1	0	0	0	1	0	0
chr20: 54Mbp-55Mbp	chr20	54000001	0	1	0	0	1	1	1	0	1	1	1	1	0	1	0	1	1	0	0	0	1	1	0	0	1	1	0	0	0	1	1	1	1	1	1	0	0	1	0	0	1	0	1	1	0	1	1	1	0	1	1	0	1	1	1	1	0	0	1	1	0	0	1	0	0	1	0	0	1	0	1	1	1	1	0	0	0	0	0	0	0	1	1	0	0	1	0	1	1	1	0	1	1	0	1	0	0	0	1	0	0	1	0	0
chr20: 58.5Mbp-59.5Mbp	chr20	58500001	0	1	1	0	0	1	1	1	1	1	0	0	0	0	0	0	1	0	0	1	0	1	0	1	0	1	0	0	1	1	1	0	0	0	1	1	1	1	1	0	0	0	1	1	0	0	1	0	1	1	1	1	0	0	1	0	0	1	1	1	1	0	1	0	1	1	0	0	1	1	0	0	0	0	0	0	0	1	1	0	0	1	0	0	0	1	0	1	1	1	0	0	1	0	1	0	1	0	1	0	0	1	1	0
chr21: 22.5Mbp-23.5Mbp	chr21	22500001	0	1	1	0	1	1	1	1	1	0	1	0	0	0	0	1	1	0	1	1	0	1	0	1	1	1	0	0	0	0	1	1	0	1	1	1	0	0	0	0	0	0	0	0	1	0	1	1	1	1	0	1	1	0	1	0	1	0	1	0	1	0	1	0	1	0	0	0	0	0	1	1	1	1	0	0	0	1	1	0	0	0	1	1	0	1	1	1	0	1	0	0	0	0	1	0	1	1	0	1	0	0	1	1
chr21: 23.5Mbp-24.5Mbp	chr21	23500001	0	1	1	0	1	0	0	0	0	1	1	0	0	1	0	0	1	1	1	1	1	1	0	0	0	1	1	0	1	0	1	1	1	1	1	0	0	1	1	0	1	1	0	1	0	0	0	1	0	1	0	1	1	1	1	0	0	1	0	1	0	0	0	0	0	0	0	0	1	0	0	1	0	1	0	1	0	1	0	0	0	1	1	1	0	1	0	1	1	1	0	1	0	0	1	0	1	1	0	0	0	0	1	1
chr21: 25.5Mbp-26.5Mbp	chr21	25500001	0	1	1	1	1	1	1	0	1	1	1	0	0	1	0	1	1	0	0	1	1	0	0	0	0	1	1	1	0	0	1	1	0	1	1	0	1	1	0	0	0	1	1	0	0	1	1	1	1	1	0	1	1	0	1	0	0	1	1	0	1	0	0	0	0	0	1	1	0	0	1	1	0	1	0	1	0	1	1	1	0	1	1	0	1	0	0	1	1	0	0	0	1	0	0	0	0	1	1	0	0	0	0	0
chr3: 1.5Mbp-2.5Mbp	chr3	1500001	0	1	0	0	1	1	1	1	1	1	1	1	0	0	0	0	0	0	0	1	1	1	0	1	1	1	0	0	1	1	0	1	0	1	1	1	1	0	1	0	0	0	0	1	1	1	1	0	1	1	0	0	0	1	1	1	0	1	1	1	1	1	0	0	0	1	1	0	0	1	0	1	0	1	0	0	0	1	1	0	0	1	1	1	0	1	0	0	0	1	0	1	1	0	1	1	1	0	0	0	0	0	0	0
chr3: 36Mbp-37Mbp	chr3	36000001	0	1	1	0	1	1	1	1	1	1	0	0	0	1	0	0	0	0	1	0	1	1	0	0	1	0	1	1	0	1	1	1	1	1	1	1	0	1	1	0	0	0	0	0	1	0	0	0	1	0	1	1	1	1	1	0	0	0	0	1	1	1	0	0	1	1	1	0	0	0	1	1	1	0	0	0	0	0	1	0	0	1	1	1	0	0	0	0	0	0	0	0	0	1	1	0	1	1	0	1	0	1	0	1
chr3: 79Mbp-80Mbp	chr3	79000001	0	0	1	1	1	1	1	1	1	1	1	0	0	0	0	1	0	0	1	1	0	1	0	0	0	0	0	1	1	1	1	1	0	1	1	0	0	1	0	0	0	0	1	1	1	0	1	0	1	1	0	0	0	0	1	1	0	0	0	1	1	0	0	1	0	1	0	0	0	0	1	1	0	1	0	0	0	1	0	1	0	1	0	1	0	0	1	1	1	0	0	0	1	0	0	0	1	1	1	1	0	1	0	1
chr3: 82Mbp-83Mbp	chr3	82000001	0	1	0	1	0	1	1	0	1	1	1	0	0	0	0	1	0	0	1	1	1	1	1	0	0	1	1	0	0	0	1	1	1	1	1	0	1	1	1	0	1	0	0	0	1	1	0	0	0	1	0	0	1	1	1	1	0	0	0	1	1	0	0	0	0	1	0	0	1	0	1	1	1	0	0	0	0	0	0	0	0	1	1	1	1	0	1	1	1	1	0	1	0	0	1	0	1	1	1	1	0	1	0	0
chr3: 86Mbp-87Mbp	chr3	86000001	0	1	0	1	1	1	1	0	1	0	1	1	0	0	0	0	0	0	1	1	0	1	0	1	1	1	1	1	0	1	1	1	1	1	1	1	1	0	0	0	1	1	1	0	1	0	0	1	1	0	0	0	0	1	1	1	1	0	0	0	1	0	1	0	0	0	1	0	0	0	1	0	1	1	0	0	0	1	0	0	0	0	0	1	0	1	1	1	1	1	0	0	1	0	0	0	1	0	1	0	0	1	1	0
chr3: 88Mbp-89Mbp	chr3	88000001	0	1	1	1	1	1	1	1	0	0	1	1	0	1	0	0	1	1	1	1	0	0	1	1	0	0	1	1	0	1	1	1	1	0	1	1	0	0	1	0	0	1	1	0	0	0	0	1	0	0	0	0	0	1	1	1	0	0	1	1	1	0	1	0	0	1	0	0	1	0	0	1	0	1	0	0	0	0	0	0	0	1	0	1	0	1	0	1	1	1	0	1	0	0	1	1	1	1	1	1	0	0	0	0
chr3: 89Mbp-90Mbp	chr3	89000001	0	1	1	0	0	1	1	1	1	1	0	1	1	0	0	0	1	0	0	0	1	1	0	1	0	1	1	1	1	1	1	1	1	1	1	1	1	1	1	0	1	0	1	0	0	0	0	1	1	0	0	0	0	1	1	0	0	0	1	1	0	0	1	0	1	1	0	0	0	0	1	1	0	0	0	0	0	1	1	0	0	0	1	1	0	0	0	1	1	1	0	1	0	0	1	0	1	1	0	1	0	1	0	0
chr3: 89.5Mbp-90.5Mbp	chr3	89500001	0	1	1	1	0	1	1	1	0	1	0	1	1	0	1	0	1	0	1	0	1	1	0	0	0	1	1	0	1	0	1	1	1	1	1	1	1	1	1	0	1	0	0	0	1	0	1	1	1	0	0	0	0	1	1	0	1	0	0	1	0	0	1	0	1	1	1	0	0	0	1	0	0	0	0	0	0	1	1	0	0	1	0	0	0	0	1	1	1	1	0	0	0	0	1	0	0	1	0	0	0	1	0	0
chr3: 95.5Mbp-96.5Mbp	chr3	95500001	0	1	1	0	0	1	1	0	1	1	1	0	0	0	0	0	1	0	1	1	0	1	0	0	0	1	1	0	1	1	1	1	1	1	0	0	1	1	0	0	0	0	0	0	0	1	1	1	1	1	0	0	1	1	1	1	0	1	1	1	1	0	0	0	0	0	1	0	1	0	0	1	0	1	0	0	0	1	1	1	0	1	1	1	0	0	1	1	1	1	0	1	0	0	0	0	1	1	0	0	0	1	1	0
chr3: 96Mbp-97Mbp	chr3	96000001	0	1	1	0	0	1	0	1	1	1	1	0	0	1	1	0	0	1	0	1	1	1	0	1	1	1	1	0	1	1	1	1	1	1	0	1	0	1	1	0	0	0	0	0	0	0	1	1	1	0	0	0	1	1	1	1	0	1	1	0	0	0	0	0	1	0	1	0	1	1	0	1	0	1	0	0	0	1	0	1	0	0	1	0	0	0	1	1	1	0	0	1	0	0	0	0	1	1	0	0	0	1	1	0
chr3: 108.5Mbp-109.5Mbp	chr3	108500001	0	1	1	0	0	0	1	1	1	1	1	0	0	0	0	0	0	0	1	0	1	1	0	1	0	0	1	0	1	0	1	1	1	1	1	0	1	1	1	0	1	0	1	0	1	1	1	0	0	1	1	0	1	0	1	1	0	1	1	1	1	0	1	0	1	1	0	0	0	1	0	1	0	0	0	0	0	1	0	0	0	1	1	0	0	0	0	1	1	1	0	1	1	0	0	0	0	1	0	1	0	0	0	1
chr3: 146Mbp-147Mbp	chr3	146000001	0	1	1	1	0	1	1	1	1	0	1	1	0	0	1	0	1	0	0	1	1	1	0	1	0	1	0	1	0	1	1	1	1	0	1	1	1	0	1	0	0	0	0	0	0	0	0	1	0	0	0	1	1	1	1	1	0	0	1	1	1	0	1	0	0	1	0	0	1	1	1	1	0	1	0	1	1	1	1	1	0	1	0	1	0	1	1	0	0	1	0	0	0	0	1	0	1	0	0	0	0	0	0	0
chr3: 161.5Mbp-162.5Mbp	chr3	161500001	0	1	0	0	0	0	1	1	1	1	1	0	0	0	0	1	1	1	1	0	1	0	0	1	0	0	1	0	0	1	0	1	1	1	1	1	1	1	1	0	0	1	0	1	0	1	1	1	1	1	0	1	1	1	1	0	0	0	1	0	1	0	1	0	1	1	0	0	1	1	0	0	0	0	0	1	0	1	0	0	0	1	1	0	0	0	0	1	1	1	0	1	0	0	1	0	1	0	1	0	0	1	1	0
chr3: 191.5Mbp-192.5Mbp	chr3	191500001	1	0	1	0	0	0	1	0	1	0	1	0	0	1	0	0	1	0	1	0	1	1	0	1	0	0	1	0	0	1	1	1	1	1	0	0	0	1	1	0	0	1	1	0	0	1	1	0	1	1	1	0	0	1	1	1	0	0	0	1	1	1	1	1	1	1	0	0	1	0	0	1	1	0	0	0	0	1	0	0	0	1	1	0	0	0	0	0	1	1	0	0	1	0	1	1	0	1	1	1	0	1	1	0
chr4: 16Mbp-17Mbp	chr4	16000001	0	1	1	0	1	1	1	0	1	1	0	0	0	0	0	1	0	1	0	0	1	1	0	0	1	0	0	1	0	1	1	0	0	1	1	1	1	1	1	0	1	0	1	0	0	1	0	1	0	0	0	1	1	1	1	1	0	0	0	1	1	1	1	0	1	1	0	1	0	0	1	1	1	1	0	1	0	1	0	0	0	1	1	0	0	0	1	0	1	1	0	0	1	0	1	0	1	1	0	0	0	1	1	0
chr4: 19.5Mbp-20.5Mbp	chr4	19500001	0	1	1	0	0	1	1	1	1	0	1	0	0	1	0	0	1	0	1	0	1	0	0	0	0	0	1	1	0	1	1	1	0	1	1	0	0	1	1	0	0	1	0	1	1	1	1	0	1	0	0	1	0	1	1	1	0	1	1	1	1	0	1	0	1	0	1	1	1	0	1	1	0	1	0	0	0	1	0	0	0	1	1	0	0	0	1	0	1	1	0	0	0	0	0	1	1	1	1	1	0	1	0	0
chr4: 21.5Mbp-22.5Mbp	chr4	21500001	0	0	1	0	0	1	0	1	0	1	1	0	0	0	0	0	1	0	0	1	1	1	0	1	0	1	0	1	0	1	1	1	1	1	0	0	1	1	1	0	0	1	0	0	0	0	0	1	1	0	1	1	0	0	1	0	1	1	0	0	1	1	1	1	1	1	0	0	0	0	1	0	0	1	0	0	0	1	1	1	0	1	1	1	0	0	1	1	0	1	0	0	1	0	1	0	1	1	1	0	0	1	0	0
chr4: 23.5Mbp-24.5Mbp	chr4	23500001	0	1	0	1	0	1	1	0	1	1	1	0	0	1	0	1	1	0	1	1	1	1	0	0	0	1	0	1	1	0	0	0	0	0	0	0	0	1	1	0	0	0	0	0	1	0	0	0	0	1	1	0	0	1	1	1	0	1	0	1	1	1	1	0	1	1	0	0	1	0	0	1	0	1	0	1	0	1	1	0	1	1	1	1	0	1	1	1	1	1	0	0	0	0	0	0	1	1	0	0	0	1	0	0
chr4: 28.5Mbp-29.5Mbp	chr4	28500001	1	1	1	1	1	1	1	1	1	1	1	1	0	0	0	1	1	0	1	1	1	1	1	0	0	0	0	0	1	1	0	1	0	1	1	0	0	1	1	0	1	1	0	1	0	0	1	1	1	1	0	0	1	0	1	0	0	0	1	0	1	0	0	0	1	0	1	0	1	1	1	1	1	0	0	0	0	1	0	1	0	0	0	1	0	0	1	0	1	0	0	1	0	0	1	0	1	1	1	0	0	0	0	0
chr4: 34.5Mbp-35.5Mbp	chr4	34500001	0	1	1	0	0	1	0	1	1	1	1	0	0	1	0	1	0	1	0	0	1	1	0	1	0	1	0	1	0	0	1	1	1	1	1	1	1	1	1	0	1	1	1	0	1	1	1	1	0	0	1	0	0	1	1	0	0	0	0	1	0	0	1	0	1	1	1	0	1	1	0	1	1	0	0	0	0	1	0	0	0	0	1	1	0	0	1	0	1	1	0	1	1	0	1	0	0	0	0	1	1	0	0	0
chr4: 42.5Mbp-43.5Mbp	chr4	42500001	1	0	1	0	1	0	1	1	1	0	0	0	1	0	1	1	0	0	1	1	1	0	0	1	0	1	1	1	0	1	0	0	1	1	1	0	0	1	1	0	0	1	0	0	1	1	0	1	1	1	0	1	1	1	1	1	0	0	1	1	1	0	0	1	0	0	0	0	1	1	1	1	1	1	0	0	0	1	0	1	0	0	0	1	0	0	0	0	0	0	0	1	1	0	1	0	0	1	0	1	0	0	1	1
chr4: 58.5Mbp-59.5Mbp	chr4	58500001	0	1	1	0	1	1	1	1	1	0	1	0	1	0	0	0	1	0	1	1	0	0	0	0	0	0	0	1	1	0	1	1	1	1	1	0	1	1	0	0	0	0	1	1	1	1	1	1	1	1	0	0	0	1	1	1	0	0	1	1	0	0	1	0	0	1	0	0	1	1	1	1	0	0	0	0	0	1	0	1	0	0	1	1	0	0	1	1	1	1	0	0	0	0	1	0	1	1	1	0	0	0	0	1
chr4: 64.5Mbp-65.5Mbp	chr4	64500001	0	1	1	1	1	0	1	0	1	0	1	0	1	0	0	0	0	0	1	1	0	1	0	1	1	0	1	1	1	1	1	0	1	0	1	1	0	0	0	0	0	0	1	1	0	1	1	1	0	1	0	0	0	1	1	0	1	1	0	1	0	0	0	0	0	1	1	0	1	1	1	1	0	1	0	0	0	1	0	0	0	1	1	0	0	1	0	0	0	1	0	1	1	0	1	0	1	0	1	1	0	1	0	0
chr4: 66Mbp-67Mbp	chr4	66000001	0	1	1	1	0	1	0	1	1	1	1	0	1	0	0	0	1	1	1	0	0	0	0	0	0	1	1	1	1	0	1	1	0	0	1	0	0	0	0	0	0	1	1	1	1	1	1	0	1	1	0	1	1	0	1	1	0	1	0	1	1	0	1	0	0	1	0	0	1	0	0	0	1	0	0	0	0	1	0	0	1	1	1	0	0	1	0	1	1	0	1	1	0	0	1	0	1	0	0	1	0	1	1	0
chr4: 66.5Mbp-67.5Mbp	chr4	66500001	0	1	1	1	1	1	0	0	1	0	1	0	1	0	0	0	0	1	1	0	0	1	0	0	0	1	1	1	1	1	1	0	0	1	0	0	0	1	0	0	0	1	0	1	1	1	0	1	0	1	0	0	1	0	1	1	1	1	0	1	1	0	1	0	0	1	0	0	1	1	0	0	1	0	0	0	0	1	1	0	0	1	1	0	0	1	0	1	0	1	1	1	1	0	1	0	1	0	0	0	0	1	1	0
chr4: 107Mbp-108Mbp	chr4	107000001	1	0	0	0	0	1	1	0	1	0	1	0	0	0	0	1	0	0	1	0	0	0	0	1	1	0	0	0	0	1	1	0	1	1	1	1	0	1	1	0	1	1	0	0	0	1	0	1	0	1	0	1	0	1	1	1	0	1	1	1	1	0	1	1	0	1	1	1	1	0	0	0	0	1	0	0	1	0	1	1	0	1	1	0	0	1	0	1	1	0	0	1	0	1	1	0	1	0	0	1	0	1	0	0
chr4: 115.5Mbp-116.5Mbp	chr4	115500001	0	1	1	0	1	0	1	1	0	1	0	0	0	0	0	0	0	0	1	1	0	0	0	0	1	1	1	0	0	1	0	1	1	1	0	0	1	1	0	0	0	1	1	0	1	0	0	0	0	1	0	1	1	1	1	0	1	1	1	1	1	0	0	0	1	1	1	0	0	0	0	1	1	1	0	0	0	0	0	1	0	1	1	1	0	0	0	1	1	1	0	1	1	0	1	1	1	1	0	1	0	0	1	0
chr4: 116Mbp-117Mbp	chr4	116000001	0	1	0	1	1	0	1	1	0	1	1	0	0	1	0	0	1	0	1	1	0	1	1	0	1	1	0	0	1	1	1	1	0	1	0	1	1	1	0	0	0	1	1	0	0	0	1	1	0	1	0	1	1	0	1	0	1	1	1	1	1	0	1	0	1	0	0	0	0	0	1	0	1	0	0	1	0	1	0	0	0	1	1	1	0	0	1	1	1	0	0	0	0	0	1	1	1	0	0	1	0	1	0	1
chr4: 132Mbp-133Mbp	chr4	132000001	0	1	1	0	1	1	1	1	1	1	1	0	0	1	1	0	0	0	0	1	1	1	0	1	0	1	0	0	1	1	1	1	1	0	1	0	0	1	1	0	0	0	0	0	1	0	1	0	1	1	1	0	1	1	1	1	0	0	0	1	0	0	0	0	0	0	0	0	0	0	1	1	1	0	0	0	0	1	1	0	0	1	1	1	0	0	1	0	1	1	0	1	0	0	1	0	1	1	1	1	0	1	0	0
chr4: 133.5Mbp-134.5Mbp	chr4	133500001	0	1	0	0	1	1	0	0	1	0	1	0	0	0	0	0	1	0	1	1	1	1	0	1	0	0	0	0	0	1	1	0	1	1	1	1	1	1	0	0	0	1	1	0	1	1	1	1	1	0	0	0	0	1	1	0	1	1	1	1	1	0	0	0	1	1	0	0	1	1	0	1	0	0	0	0	0	1	0	0	0	0	1	1	0	0	0	1	1	1	0	1	0	0	0	0	1	1	1	1	0	0	0	1
chr4: 135Mbp-136Mbp	chr4	135000001	0	0	0	0	1	1	1	0	0	1	1	1	0	0	1	0	0	0	1	0	0	0	0	0	0	1	0	0	1	1	0	1	1	0	1	0	0	0	1	0	1	1	1	0	0	0	1	1	0	1	0	0	1	1	1	1	0	1	0	1	0	1	1	0	0	1	1	1	0	1	0	1	1	1	0	0	0	1	0	1	0	1	1	0	0	1	0	1	0	0	0	1	0	0	1	1	1	1	1	1	1	1	1	0
chr4: 137.5Mbp-138.5Mbp	chr4	137500001	0	1	0	1	0	0	1	0	1	1	1	0	1	0	0	1	0	0	1	1	0	1	0	0	1	0	0	1	1	1	1	1	0	1	1	1	1	0	0	0	1	1	0	1	1	1	1	1	1	1	0	0	1	1	1	1	0	1	1	1	0	0	0	0	0	1	1	0	1	0	0	1	0	0	0	0	0	1	0	0	0	0	1	0	0	0	1	1	1	1	0	0	1	0	1	0	1	1	0	0	0	1	0	1
chr4: 150Mbp-151Mbp	chr4	150000001	0	1	0	1	1	1	1	1	1	0	1	1	1	1	0	0	0	1	0	0	0	1	0	1	0	1	0	1	0	0	1	0	1	1	1	1	0	0	1	0	0	0	0	0	1	1	1	1	1	1	0	0	1	1	1	0	1	1	1	1	0	0	0	0	0	1	0	0	0	1	0	0	1	1	0	0	0	1	1	0	0	0	1	0	0	1	0	0	1	1	0	0	0	0	1	0	1	1	1	1	0	1	0	1
chr4: 154.5Mbp-155.5Mbp	chr4	154500001	0	1	1	1	1	1	0	0	1	1	1	0	0	1	0	0	0	0	1	1	1	1	0	0	0	1	1	0	0	1	0	0	0	1	1	1	0	1	1	0	0	1	0	1	1	0	1	0	1	0	1	0	0	1	1	0	0	1	1	1	0	0	1	1	1	1	1	0	0	0	0	1	0	0	0	0	0	1	0	1	0	1	0	0	0	1	1	1	1	1	0	1	1	0	1	0	1	1	0	0	0	1	1	0
chr4: 161Mbp-162Mbp	chr4	161000001	1	1	1	1	0	1	0	1	1	0	1	0	1	0	0	1	1	1	1	1	0	0	0	1	0	0	0	1	0	1	1	0	1	0	1	1	0	0	0	0	0	1	0	0	1	0	1	0	1	1	0	1	1	1	1	1	0	0	1	1	1	0	0	0	1	0	0	0	1	1	0	1	0	1	0	0	0	1	1	1	1	0	1	0	1	1	0	1	0	1	0	0	0	0	0	0	1	1	1	1	0	1	0	0
chr4: 162Mbp-163Mbp	chr4	162000001	0	1	1	0	0	0	1	1	1	0	1	0	0	1	0	1	0	1	0	0	0	0	0	0	0	0	1	1	0	1	1	0	0	1	1	0	0	0	1	0	0	1	0	0	1	1	0	1	0	1	0	1	1	1	1	1	0	0	1	1	1	0	0	1	0	1	0	0	1	0	1	0	1	0	0	0	0	1	1	1	0	1	1	1	0	1	1	1	1	0	0	1	0	0	1	1	0	1	1	0	0	1	1	0
chr4: 162.5Mbp-163.5Mbp	chr4	162500001	0	1	1	1	1	0	1	0	0	0	0	0	0	1	0	1	1	0	0	0	0	0	0	0	0	0	0	1	0	1	0	0	1	1	0	0	0	0	1	0	0	0	1	0	0	1	1	1	1	1	0	1	1	1	1	0	0	0	1	1	1	0	1	1	0	1	1	0	1	1	1	1	1	0	0	0	0	1	1	0	0	0	0	1	0	1	1	0	1	1	0	1	1	0	1	0	1	1	1	1	0	1	1	1
chr4: 163.5Mbp-164.5Mbp	chr4	163500001	0	0	1	0	0	1	0	1	1	0	1	0	0	0	0	0	0	0	0	1	0	0	1	1	1	0	0	1	0	1	1	0	1	0	1	0	0	0	0	0	0	1	0	1	1	1	1	1	1	1	1	0	0	1	1	0	1	0	1	1	1	0	1	0	0	1	1	0	1	0	0	1	0	0	0	0	0	1	1	1	1	0	1	1	0	1	1	1	0	1	0	1	0	0	0	0	1	1	1	1	0	1	1	0
chr4: 164.5Mbp-165.5Mbp	chr4	164500001	0	0	0	1	1	0	1	1	1	1	1	0	0	0	0	0	0	1	1	0	1	1	0	0	1	1	0	1	1	1	1	1	1	0	1	1	1	1	1	0	0	1	1	0	0	1	0	0	1	1	0	0	1	0	1	0	0	0	0	1	0	0	1	1	1	1	1	0	1	0	0	0	0	0	0	0	0	0	0	0	0	1	1	1	0	0	0	0	1	1	0	1	0	0	1	1	1	1	1	0	0	1	0	0
chr4: 167Mbp-168Mbp	chr4	167000001	0	1	1	0	0	1	0	0	1	0	1	0	1	0	1	1	1	0	1	1	0	0	0	1	0	1	0	1	1	0	1	1	0	1	0	0	0	1	0	0	0	1	0	0	1	0	1	1	1	1	0	1	0	1	0	1	0	1	0	1	1	0	1	0	0	1	0	0	1	1	0	1	1	0	0	0	0	1	1	0	0	1	1	1	0	1	0	1	1	1	0	0	1	0	0	0	1	0	0	0	0	0	1	1
chr4: 177Mbp-178Mbp	chr4	177000001	0	1	1	1	0	0	1	0	1	0	1	0	1	0	0	1	1	0	1	1	1	0	0	1	1	1	0	1	0	1	1	0	0	1	1	1	0	0	1	0	0	0	1	0	1	1	0	0	1	0	1	0	0	1	1	1	1	0	1	1	1	0	0	0	1	0	0	0	0	1	1	1	0	1	0	0	0	1	0	1	0	1	1	1	0	0	1	1	0	1	0	0	0	0	0	0	1	1	1	0	0	1	1	0
chr4: 181.5Mbp-182.5Mbp	chr4	181500001	1	1	1	0	0	0	1	1	1	0	0	1	0	0	1	0	0	1	1	0	0	1	1	0	1	1	0	0	1	1	0	1	0	1	0	1	0	1	1	0	0	1	0	0	0	0	1	1	1	1	1	1	1	1	1	1	0	0	1	0	1	0	1	0	1	1	1	0	1	0	1	0	1	0	0	0	0	0	0	0	0	1	1	0	0	1	1	0	1	1	0	1	0	0	1	0	0	1	1	1	0	0	1	0
chr4: 189.5Mbp-190.5Mbp	chr4	189500001	0	1	1	1	0	1	1	1	1	1	1	1	0	1	0	1	1	1	0	0	1	0	0	0	0	1	0	0	0	0	1	0	1	1	0	1	1	1	0	0	0	1	0	1	1	1	1	1	0	0	1	0	0	0	1	0	0	1	1	1	0	1	1	0	1	1	0	0	1	1	0	0	1	0	0	0	0	1	0	0	0	1	1	1	0	0	1	1	1	1	0	1	1	0	1	0	0	1	1	1	0	0	0	0
chr5: 3Mbp-4Mbp	chr5	3000001	0	1	1	0	0	1	1	0	0	0	1	1	1	0	0	1	0	0	1	1	1	1	0	0	1	1	0	1	0	0	1	1	0	1	1	0	0	1	1	0	1	1	0	1	0	1	0	1	1	0	1	0	0	0	1	1	0	0	1	1	1	0	1	0	1	1	1	0	1	1	0	1	0	0	0	0	1	1	0	0	0	0	1	0	0	0	1	0	1	1	0	1	1	0	1	0	0	0	1	0	0	1	1	0
chr5: 11.5Mbp-12.5Mbp	chr5	11500001	0	0	1	1	1	0	1	1	1	0	0	0	1	0	0	0	0	0	1	1	1	1	0	1	0	0	0	0	1	1	1	1	1	0	1	1	1	1	0	0	0	0	0	1	0	0	1	1	1	0	0	0	1	1	1	1	1	1	0	1	1	0	1	0	1	0	0	0	1	1	0	0	0	0	1	0	0	1	0	1	0	0	1	0	0	1	1	1	1	1	0	0	0	0	1	0	1	0	0	1	0	1	1	1
chr5: 19.5Mbp-20.5Mbp	chr5	19500001	0	1	1	1	1	0	1	1	1	1	0	0	1	1	0	0	0	0	1	0	0	1	0	0	0	1	0	1	1	0	1	1	1	1	1	1	0	0	0	0	0	1	0	0	0	0	0	1	1	1	0	0	1	1	1	1	1	0	0	1	1	0	1	0	1	1	0	0	1	0	0	1	0	0	0	0	0	1	1	1	0	1	1	1	0	1	0	1	0	1	0	1	1	0	1	0	1	0	1	1	0	1	0	0
chr5: 23Mbp-24Mbp	chr5	23000001	0	1	1	0	0	0	0	1	1	1	1	1	0	1	0	0	0	0	1	1	0	1	0	1	0	1	0	0	0	1	1	1	0	1	1	0	1	0	1	0	0	1	1	1	1	0	1	0	1	1	0	1	1	1	1	1	0	1	1	1	0	0	0	0	0	1	1	0	1	1	0	1	0	1	0	0	0	1	0	0	0	1	1	1	0	0	0	1	1	1	0	1	1	0	1	0	1	0	1	0	0	0	0	0
chr5: 23.5Mbp-24.5Mbp	chr5	23500001	0	1	0	1	0	1	1	1	1	1	0	1	0	1	0	1	0	0	0	1	1	1	0	1	0	0	0	0	0	1	1	1	1	0	1	0	1	1	1	0	0	1	0	1	1	0	1	1	1	0	1	1	0	1	1	1	1	0	1	1	0	0	0	1	0	1	1	0	1	1	0	0	0	0	0	0	0	1	0	0	0	1	1	0	0	0	1	0	0	1	0	0	1	0	1	0	1	1	1	1	0	1	0	0
chr5: 27Mbp-28Mbp	chr5	27000001	0	0	1	0	1	0	1	0	1	1	1	0	0	0	0	0	0	0	1	1	1	1	0	0	0	1	0	0	1	1	1	0	0	1	1	0	0	1	1	0	0	1	1	0	0	0	1	1	0	0	0	0	1	1	1	1	0	1	1	1	0	0	0	1	1	0	1	1	0	0	1	1	1	0	0	0	0	1	1	0	0	1	1	1	0	0	1	1	1	1	0	1	1	0	1	0	1	1	1	1	0	0	0	0
chr5: 27.5Mbp-28.5Mbp	chr5	27500001	0	0	1	0	0	0	1	1	1	1	1	0	0	1	0	0	0	0	1	1	0	0	0	0	0	1	0	1	1	1	1	1	0	1	1	0	0	0	1	0	0	1	1	0	0	1	1	1	1	0	0	0	1	1	0	1	0	1	1	1	0	0	0	0	0	1	1	1	0	0	1	1	1	1	0	0	0	0	1	1	0	1	1	1	0	0	1	1	1	1	0	1	0	0	1	0	1	1	0	1	0	1	1	0
chr5: 30Mbp-31Mbp	chr5	30000001	0	0	1	0	0	1	0	1	1	1	1	0	0	1	0	1	1	0	1	0	1	1	0	0	1	1	1	1	0	1	1	0	1	0	1	0	1	1	1	0	1	1	1	0	0	0	1	0	1	1	0	0	0	0	1	0	0	0	0	1	1	0	1	1	1	1	1	0	0	0	1	1	0	0	0	0	0	1	0	0	0	1	1	1	0	1	1	1	0	1	0	0	0	0	1	0	1	0	0	1	0	0	0	0
chr5: 43.5Mbp-44.5Mbp	chr5	43500001	0	1	1	0	1	1	1	1	1	0	1	0	0	0	0	1	1	1	1	0	0	0	0	1	0	1	0	0	1	1	1	1	0	0	1	1	0	0	1	0	1	1	1	0	1	1	1	1	0	1	0	0	0	0	1	0	1	0	1	1	1	0	0	0	1	1	1	0	1	1	0	1	0	1	0	0	0	1	1	0	0	0	1	1	0	1	0	0	1	1	0	0	0	0	0	0	1	1	1	1	0	0	1	0
chr5: 86Mbp-87Mbp	chr5	86000001	0	1	1	0	1	1	1	1	1	1	1	0	0	0	0	1	1	1	1	0	1	1	0	0	0	0	1	1	1	0	1	1	0	1	1	0	0	0	1	1	0	1	1	0	1	0	1	1	0	1	0	0	0	1	1	0	1	0	0	1	1	0	0	1	1	1	0	0	1	0	0	1	0	1	0	0	0	1	0	0	0	0	1	0	0	0	1	0	1	1	0	0	1	0	1	0	1	1	0	1	0	0	1	0
chr5: 87Mbp-88Mbp	chr5	87000001	1	0	1	0	1	0	1	0	1	1	1	1	0	1	0	1	1	1	0	0	0	1	0	0	0	0	0	0	1	0	1	1	0	0	1	0	0	1	1	0	1	1	1	0	0	1	1	1	1	0	0	0	1	0	1	1	0	0	1	1	1	1	0	0	0	1	1	0	0	1	1	1	0	0	0	0	0	1	1	1	0	0	1	0	0	1	0	1	1	1	0	1	1	0	1	0	1	0	0	0	0	1	0	0
chr5: 87.5Mbp-88.5Mbp	chr5	87500001	0	1	1	0	1	0	1	1	1	1	1	1	0	1	0	1	1	1	1	0	1	0	0	0	0	0	1	0	0	1	0	0	0	1	1	1	0	1	1	0	1	0	0	0	0	0	1	0	1	1	0	0	1	1	1	1	0	0	1	1	1	1	1	0	0	1	1	0	1	1	0	1	0	0	0	0	0	1	0	0	0	1	1	0	0	1	0	1	1	1	0	1	1	0	0	0	1	0	0	0	0	1	1	1
chr5: 88.5Mbp-89.5Mbp	chr5	88500001	0	1	1	0	1	1	1	1	1	1	1	0	0	0	1	0	1	1	0	1	0	1	0	1	0	1	1	0	0	0	0	1	0	0	1	1	1	1	1	0	0	1	0	0	0	1	1	1	1	1	0	1	0	1	1	1	1	1	0	0	1	0	1	0	1	1	0	0	1	0	1	1	0	0	0	0	0	1	1	0	0	1	1	0	0	0	0	1	0	1	0	1	0	0	0	0	1	0	1	0	0	1	0	0
chr5: 97Mbp-98Mbp	chr5	97000001	0	1	1	0	1	1	1	0	1	1	0	0	0	1	0	0	1	1	0	1	1	1	1	0	0	1	1	1	0	1	0	0	0	1	1	0	0	1	0	0	0	1	0	1	1	1	0	0	0	1	0	0	1	0	1	1	0	0	0	1	1	0	1	0	1	1	1	0	0	0	1	1	1	1	0	0	0	1	0	0	0	1	1	1	0	1	0	1	1	0	1	0	1	0	1	0	1	1	1	0	0	1	0	0
chr5: 99.5Mbp-100.5Mbp	chr5	99500001	1	1	0	0	1	1	1	0	0	1	0	0	0	1	0	1	0	0	1	0	0	0	1	0	1	1	0	0	1	1	0	0	0	0	1	0	1	0	0	0	0	0	1	1	1	0	1	1	1	0	1	0	1	0	1	1	1	0	0	1	1	0	0	0	0	1	0	0	0	1	1	1	1	1	0	0	0	1	0	1	0	1	1	1	0	1	0	1	1	1	0	1	1	0	0	0	1	0	1	1	0	1	1	1
chr5: 100Mbp-101Mbp	chr5	100000001	1	1	1	0	1	1	1	0	0	0	0	0	1	1	0	1	0	0	0	0	0	1	0	0	1	1	0	0	1	1	1	0	0	0	1	0	1	0	0	0	0	0	1	1	1	0	1	0	1	1	1	0	1	0	1	1	1	0	1	1	0	1	0	0	1	1	0	0	1	0	1	1	1	1	0	0	0	0	0	1	0	1	1	1	0	1	0	1	1	1	0	0	1	0	0	0	1	0	1	1	0	1	1	1
chr5: 105.5Mbp-106.5Mbp	chr5	105500001	0	1	1	1	1	1	1	1	1	1	1	0	0	1	0	0	0	1	0	0	1	1	1	0	0	1	1	0	1	1	1	0	1	1	0	0	0	1	1	0	0	1	1	0	1	1	1	0	0	0	0	0	0	1	1	0	0	1	0	1	0	0	0	1	0	1	1	0	1	0	0	1	0	0	0	0	0	0	0	1	0	1	1	1	0	1	1	1	1	1	0	0	0	0	1	0	0	0	1	0	0	1	1	1
chr5: 109.5Mbp-110.5Mbp	chr5	109500001	0	0	0	0	1	1	1	1	1	1	1	0	0	0	0	1	0	1	0	1	0	1	1	1	0	1	1	1	1	0	1	1	0	0	1	1	1	0	1	0	0	1	1	1	0	1	0	0	1	0	1	0	1	1	0	0	1	1	0	0	0	0	0	1	0	1	1	0	1	0	0	1	1	0	0	0	0	1	1	0	0	0	1	0	0	0	0	1	1	1	0	1	1	0	0	0	1	1	1	1	1	0	1	0
chr5: 110.5Mbp-111.5Mbp	chr5	110500001	0	1	1	1	0	1	0	0	1	0	1	1	0	0	0	0	1	1	1	1	1	1	0	0	0	1	1	1	0	0	1	1	1	1	0	1	0	1	1	0	0	0	1	0	1	1	1	1	0	1	1	0	0	1	1	1	0	0	0	1	1	1	1	0	1	1	0	0	0	1	0	0	0	0	0	0	0	0	1	0	0	0	1	0	0	1	1	0	0	1	0	0	1	0	1	0	1	1	0	1	0	0	0	0
chr5: 120Mbp-121Mbp	chr5	120000001	0	1	0	1	1	1	1	0	1	0	1	0	0	0	0	0	1	1	1	0	1	1	0	1	0	1	0	0	1	1	0	1	0	0	1	0	0	1	0	0	0	0	1	0	0	1	1	0	1	1	0	0	0	1	1	0	1	1	1	1	0	0	1	0	0	1	0	0	1	0	1	1	1	0	0	0	0	1	0	1	0	1	1	0	0	1	1	1	1	0	0	0	1	0	1	0	1	1	1	1	0	1	0	0
chr5: 151Mbp-152Mbp	chr5	151000001	0	1	1	0	1	0	1	1	1	1	1	0	0	1	0	0	0	0	1	1	0	0	0	1	0	1	1	1	1	1	0	0	1	0	1	0	0	1	0	0	0	1	1	1	0	1	1	0	1	1	0	0	0	1	0	1	1	1	0	0	1	0	0	0	1	0	0	0	1	1	1	1	0	0	0	1	0	1	0	0	0	0	1	1	0	1	1	1	0	0	0	1	0	0	1	0	1	1	1	1	0	1	0	0
chr5: 152Mbp-153Mbp	chr5	152000001	0	1	1	0	0	1	1	0	1	1	0	0	0	0	0	0	1	0	0	1	1	1	1	0	0	1	1	0	0	1	1	1	0	0	1	1	0	1	1	0	0	1	0	0	1	1	1	0	0	1	0	1	0	1	1	1	0	0	1	1	1	0	1	1	0	1	1	0	0	0	0	1	0	0	0	0	0	1	0	0	0	1	1	1	0	0	0	1	1	1	0	0	1	0	1	0	0	1	1	1	0	1	0	0
chr5: 160.5Mbp-161.5Mbp	chr5	160500001	0	1	1	1	1	0	0	1	1	1	1	0	0	0	0	0	1	0	1	1	0	1	0	1	0	1	1	1	1	0	1	1	0	1	1	0	0	1	0	0	1	1	0	1	1	0	1	0	1	0	1	1	1	1	1	0	0	1	0	1	1	0	1	0	1	1	0	0	0	1	1	1	0	1	1	0	0	1	1	0	0	0	1	0	0	1	0	0	1	0	0	1	0	0	1	0	0	0	0	1	0	1	0	1
chr5: 162.5Mbp-163.5Mbp	chr5	162500001	0	0	1	0	1	0	1	1	1	1	1	0	0	1	0	0	0	0	1	0	1	1	0	1	0	1	1	0	0	1	1	0	0	0	1	1	1	1	1	0	0	0	0	0	0	0	0	1	0	0	1	1	1	1	1	0	0	0	0	0	0	0	0	0	1	0	0	0	1	0	0	1	0	1	1	0	0	1	0	0	0	1	1	1	0	0	0	1	1	1	0	1	1	0	1	0	1	1	1	1	1	1	1	1
chr5: 163Mbp-164Mbp	chr5	163000001	0	1	1	0	0	1	1	1	1	1	1	0	0	1	0	0	0	0	0	0	1	1	0	1	0	1	1	0	0	0	0	0	0	0	1	1	1	1	1	0	0	0	0	0	1	0	1	1	1	0	1	1	1	1	1	0	0	1	0	1	0	1	0	0	1	0	0	0	1	0	0	1	0	1	0	0	0	1	0	0	0	0	1	1	0	0	0	1	1	1	0	1	1	0	1	0	1	1	1	1	1	1	0	1
chr5: 164Mbp-165Mbp	chr5	164000001	0	1	0	0	1	1	1	1	0	0	1	0	0	1	0	0	1	0	1	0	1	0	0	0	1	0	0	1	1	1	1	1	1	0	1	0	0	1	1	0	0	1	1	1	0	1	0	1	1	1	0	1	0	1	1	1	0	0	0	1	1	0	0	0	1	1	0	0	1	0	1	1	0	0	0	0	0	0	0	1	0	1	1	1	0	0	0	1	0	1	0	0	1	0	1	0	0	0	1	1	0	1	1	1
chr6: 54Mbp-55Mbp	chr6	54000001	0	1	1	0	1	0	1	1	1	0	1	0	0	0	0	0	1	1	0	0	1	0	0	1	1	1	1	1	1	1	1	1	1	1	1	0	1	0	0	0	0	1	0	1	1	1	1	0	0	0	0	1	1	1	1	0	0	0	1	1	0	0	1	0	1	1	1	0	1	1	0	1	0	0	0	0	0	0	0	0	0	0	0	1	0	1	1	1	1	0	0	1	1	0	1	0	0	0	0	0	0	1	0	1
chr6: 54.5Mbp-55.5Mbp	chr6	54500001	0	1	1	0	1	0	0	1	1	0	1	0	0	1	0	1	0	1	1	0	1	0	0	0	1	0	0	1	0	1	1	1	1	1	1	0	1	0	0	0	0	0	0	1	1	0	0	1	1	0	0	0	1	1	1	1	0	1	1	0	1	0	0	0	1	1	1	1	1	1	0	0	0	1	0	0	0	1	0	0	0	0	1	1	0	1	1	1	1	0	0	1	1	0	1	0	1	0	0	0	0	1	0	1
chr6: 67.5Mbp-68.5Mbp	chr6	67500001	0	1	1	0	0	1	1	0	1	1	1	0	0	1	0	1	1	0	0	1	1	1	0	1	1	1	1	1	1	0	1	1	1	0	1	1	0	1	1	0	0	0	1	0	1	1	0	0	1	1	0	0	0	0	0	1	0	1	0	1	1	0	0	0	0	1	0	0	1	0	0	1	1	0	0	0	0	0	0	0	1	1	1	0	1	1	0	1	1	1	0	1	1	0	1	0	0	0	1	1	0	1	0	0
chr6: 69.5Mbp-70.5Mbp	chr6	69500001	0	1	1	0	0	1	1	1	1	1	1	0	1	0	0	0	1	0	0	1	0	1	0	1	0	0	0	1	1	1	0	1	0	1	1	0	0	0	1	0	0	0	1	0	0	1	1	0	1	1	1	0	1	1	1	1	1	0	1	1	0	0	0	0	0	1	1	0	0	0	1	0	0	1	0	1	0	1	0	0	0	1	1	0	0	1	1	1	0	1	0	1	0	0	1	0	1	0	1	0	1	0	0	0
chr6: 77.5Mbp-78.5Mbp	chr6	77500001	0	1	1	1	0	1	1	1	1	0	0	0	0	0	0	0	1	0	1	1	1	1	1	0	0	1	0	1	1	1	1	0	1	1	1	1	0	1	1	0	0	1	0	1	1	1	0	0	1	0	0	0	1	1	1	1	1	0	0	0	1	1	1	0	0	0	0	1	1	0	0	1	1	0	0	0	0	0	0	1	0	1	1	0	0	0	1	1	1	1	0	1	0	0	0	0	0	1	1	1	0	1	1	0
chr6: 81Mbp-82Mbp	chr6	81000001	0	1	0	0	1	1	0	1	1	1	1	0	0	1	0	1	1	0	0	1	1	0	0	1	0	1	1	0	0	0	1	0	1	0	1	1	1	1	1	0	0	1	0	0	0	0	1	1	1	0	0	1	1	1	0	1	0	0	1	0	0	0	1	0	0	1	1	0	1	1	1	1	0	0	0	0	0	1	1	0	0	1	1	1	0	0	1	0	1	1	0	0	1	0	0	0	0	1	0	1	0	1	0	0
chr6: 84.5Mbp-85.5Mbp	chr6	84500001	0	1	0	1	1	1	0	0	1	1	0	0	0	0	0	1	1	0	1	0	0	1	0	1	1	1	0	1	1	0	0	1	0	1	1	0	0	1	1	0	0	1	1	1	0	1	1	0	1	1	0	0	1	1	1	1	0	1	1	1	1	1	1	0	1	0	1	0	0	1	1	1	0	0	0	0	0	1	0	0	0	0	1	0	0	0	0	0	1	0	0	1	1	0	1	1	1	0	0	0	0	1	1	0
chr6: 85.5Mbp-86.5Mbp	chr6	85500001	0	1	1	0	1	1	1	1	0	0	1	1	0	0	0	0	1	1	0	0	1	1	1	1	1	0	0	0	1	0	0	0	0	1	0	0	1	1	1	0	0	0	1	0	1	1	0	0	1	1	0	1	0	0	0	0	0	0	0	1	1	1	0	0	1	1	1	0	0	1	0	1	1	1	0	0	0	1	0	1	0	1	1	1	0	1	0	1	0	1	0	1	1	0	1	0	0	1	0	1	0	0	1	0
chr6: 103Mbp-104Mbp	chr6	103000001	0	1	1	1	1	1	1	1	1	1	1	0	0	1	0	0	1	0	0	1	0	1	0	0	0	0	1	0	0	1	0	0	1	0	1	1	0	0	0	0	0	0	0	0	1	1	1	0	1	1	0	0	1	1	1	0	0	0	1	1	1	1	1	0	0	0	0	1	1	0	1	1	0	0	0	0	0	1	1	0	0	1	1	0	0	0	1	1	1	1	0	0	1	0	1	0	1	1	1	1	0	1	1	0
chr6: 123Mbp-124Mbp	chr6	123000001	0	1	1	0	0	0	1	1	1	0	0	0	1	1	0	1	1	1	0	0	0	1	0	1	0	0	1	1	0	1	0	1	0	0	1	0	0	1	1	0	1	1	0	1	1	1	1	0	1	1	1	0	0	1	1	0	1	0	0	1	0	0	1	0	1	1	1	0	1	1	0	1	0	0	0	0	0	1	0	0	0	0	1	1	0	0	1	1	0	1	0	1	0	0	1	0	1	0	0	1	0	1	0	0
chr6: 123.5Mbp-124.5Mbp	chr6	123500001	0	1	1	0	0	1	0	1	0	0	1	0	1	1	0	0	1	1	0	1	0	1	0	1	0	0	1	0	0	1	1	1	0	1	1	0	0	1	1	0	1	1	0	0	1	1	1	0	1	1	1	0	0	1	1	1	1	0	1	0	0	0	1	0	0	1	0	0	1	1	1	1	1	0	0	0	0	1	0	0	0	1	1	1	0	0	0	1	1	1	0	1	0	0	1	0	1	0	1	0	0	0	0	0
chr6: 124Mbp-125Mbp	chr6	124000001	0	1	1	1	0	1	1	0	1	0	1	0	0	1	0	0	1	1	1	1	0	0	1	1	0	0	1	0	0	1	1	1	1	1	0	1	0	1	1	0	1	0	0	0	1	1	1	1	0	1	0	0	0	1	1	1	1	0	1	1	1	0	0	0	0	1	0	0	1	0	1	1	1	0	0	0	0	1	0	0	0	1	1	0	0	0	1	1	1	1	0	0	1	0	1	0	1	0	1	1	0	0	0	0
chr6: 133Mbp-134Mbp	chr6	133000001	0	1	0	0	0	0	1	1	1	1	1	0	1	0	0	1	0	0	1	1	0	0	1	1	0	1	0	0	0	0	1	1	1	0	1	1	1	0	0	0	1	0	0	0	0	1	1	1	1	1	1	0	1	0	0	0	0	0	1	0	0	0	0	1	0	1	0	0	1	1	0	1	0	1	0	0	0	0	0	1	0	0	1	1	0	1	1	1	1	1	0	1	1	0	1	0	0	0	1	1	0	1	1	1
chr6: 141.5Mbp-142.5Mbp	chr6	141500001	0	0	0	0	1	0	1	1	1	1	1	0	0	1	0	1	0	1	1	0	1	1	0	0	1	0	0	1	1	1	1	1	0	0	1	0	0	0	1	0	1	0	0	1	1	0	0	1	0	1	0	0	1	1	1	1	1	1	0	1	0	0	1	0	1	0	1	1	0	1	0	1	0	0	0	1	0	0	0	0	0	0	1	1	0	1	1	1	1	1	0	0	1	0	1	0	1	1	0	1	0	1	0	0
chr6: 154Mbp-155Mbp	chr6	154000001	0	0	1	0	0	0	1	1	1	1	1	0	0	0	0	0	1	1	1	0	1	1	1	1	0	1	0	0	0	0	1	1	0	0	0	1	0	1	1	0	0	1	0	1	0	1	0	0	0	0	0	0	0	1	1	1	0	0	0	1	1	1	0	1	1	1	0	1	0	1	1	1	0	1	0	0	0	1	1	0	0	1	1	1	0	0	1	1	0	1	0	0	0	0	1	0	1	1	1	0	0	1	1	1
chr6: 164Mbp-165Mbp	chr6	164000001	0	1	0	0	0	0	1	1	0	0	1	0	0	1	0	0	1	0	0	0	1	1	1	1	0	0	1	0	1	1	1	1	0	1	1	0	0	1	1	0	1	1	1	0	1	1	0	0	1	0	0	0	0	1	1	1	1	0	0	1	1	1	0	0	0	1	1	0	1	1	1	0	0	0	0	0	0	0	1	0	0	1	1	1	0	0	1	1	1	1	0	1	1	0	0	0	0	0	0	1	0	0	1	1
chr6: 164.5Mbp-165.5Mbp	chr6	164500001	0	0	0	1	0	1	0	0	1	0	1	0	1	1	0	0	1	0	1	0	1	1	1	0	0	1	0	0	1	1	1	1	0	1	1	1	0	1	1	0	1	1	1	0	0	1	0	0	1	1	0	0	1	1	1	1	1	0	0	1	0	1	0	0	0	0	1	1	0	1	0	0	0	0	0	0	0	1	1	1	0	1	1	1	0	0	1	1	1	1	0	1	1	0	1	0	1	0	0	1	0	0	1	1
chr7: 31.5Mbp-32.5Mbp	chr7	31500001	0	0	1	0	1	1	1	1	1	0	1	0	0	1	1	1	1	0	1	0	1	1	0	0	1	1	0	1	1	0	1	1	0	0	1	0	0	1	0	0	1	1	1	0	0	1	0	0	1	0	1	0	0	1	1	1	1	0	0	1	1	0	0	1	1	1	1	0	1	0	0	1	0	0	0	0	0	1	0	0	0	1	1	0	0	0	1	1	1	1	0	1	1	0	0	0	1	0	1	1	0	1	0	0
chr7: 57Mbp-58Mbp	chr7	57000001	0	1	0	0	0	0	1	1	1	1	1	0	1	1	0	1	1	0	0	0	0	0	0	1	1	1	0	1	1	1	0	0	0	0	1	1	0	1	1	0	1	1	0	1	1	0	0	1	1	1	1	0	0	1	1	1	0	1	1	1	0	1	1	0	0	1	1	0	1	1	0	1	0	1	0	0	0	0	0	1	0	0	0	1	0	1	0	1	0	1	0	1	0	0	1	0	1	0	0	1	0	0	1	0
chr7: 63Mbp-64Mbp	chr7	63000001	1	1	1	0	1	1	1	0	1	1	1	0	0	0	0	0	0	0	1	1	1	0	1	0	0	1	1	1	1	0	1	1	0	0	1	0	0	1	1	0	0	1	0	1	0	1	1	0	1	1	0	1	0	1	1	1	0	0	0	0	1	0	0	1	0	1	1	0	0	1	1	1	0	0	0	0	0	1	0	0	0	1	1	0	0	0	1	1	1	1	0	0	1	0	0	0	1	1	0	0	0	1	0	0
chr7: 78.5Mbp-79.5Mbp	chr7	78500001	0	1	1	0	0	1	1	0	0	1	1	0	0	1	0	1	1	1	0	0	1	0	1	1	0	0	0	0	0	1	1	1	1	1	0	1	1	1	1	0	0	1	0	0	0	1	1	1	1	1	0	0	1	1	1	0	0	0	0	1	0	0	1	0	1	1	1	0	0	1	1	1	0	0	0	0	0	1	0	0	0	1	1	1	0	0	1	1	1	0	0	0	1	0	1	0	1	1	1	1	0	0	1	0
chr7: 79Mbp-80Mbp	chr7	79000001	0	1	1	1	0	1	1	1	0	0	1	0	0	1	0	0	1	1	1	1	1	1	1	1	0	0	0	0	0	1	1	1	0	0	0	1	1	1	1	0	0	1	0	0	0	1	1	1	1	1	0	0	1	1	1	0	0	0	0	1	0	0	1	0	1	1	1	0	0	1	0	1	0	0	0	0	0	0	0	0	0	0	1	1	0	1	1	1	1	0	0	1	0	0	0	0	1	1	0	1	0	0	1	0
chr7: 83Mbp-84Mbp	chr7	83000001	1	1	1	1	1	1	1	1	1	1	1	0	0	0	0	1	1	0	1	0	0	1	0	1	1	1	0	1	0	0	1	0	0	1	0	0	0	0	0	0	0	1	0	0	1	1	0	1	1	1	1	1	1	1	1	0	1	0	1	0	0	0	1	0	0	0	0	0	0	0	1	0	0	1	0	0	0	1	1	0	0	1	1	0	0	1	1	1	1	1	0	0	0	0	1	1	1	1	1	0	0	1	1	0
chr7: 83.5Mbp-84.5Mbp	chr7	83500001	0	1	1	1	1	1	1	0	1	1	1	0	1	0	0	1	1	1	0	0	0	0	0	1	0	1	0	1	0	0	1	0	0	1	0	1	0	1	0	0	0	1	0	0	0	1	0	1	1	1	1	1	0	1	1	0	1	0	1	0	1	0	1	1	0	1	0	0	0	1	0	1	1	1	0	0	0	0	1	0	0	0	1	0	0	1	1	1	0	1	0	1	0	0	1	0	1	0	1	0	0	1	1	1
chr7: 108.5Mbp-109.5Mbp	chr7	108500001	0	1	0	1	0	1	0	1	0	0	0	0	0	1	0	1	1	0	0	0	1	1	0	0	1	1	1	1	1	1	0	1	1	0	0	1	0	1	0	0	0	1	0	0	0	1	1	1	1	1	0	0	1	1	1	0	0	0	0	1	0	0	0	1	0	1	1	1	1	1	0	1	0	0	0	0	0	1	1	0	0	1	1	0	0	0	1	1	1	1	0	1	0	0	0	0	1	1	1	1	0	0	1	0
chr7: 113Mbp-114Mbp	chr7	113000001	0	1	1	1	1	0	1	1	0	1	1	1	0	1	0	0	1	1	0	0	0	1	0	1	0	0	0	1	0	0	1	0	1	0	1	1	1	0	0	0	1	1	0	0	0	1	1	1	1	0	0	1	1	1	1	1	0	0	0	1	1	0	0	1	1	1	1	0	0	0	0	0	1	1	0	0	0	1	0	0	0	1	1	1	0	1	1	1	1	0	0	1	0	0	1	0	1	1	0	1	0	0	1	0
chr7: 113.5Mbp-114.5Mbp	chr7	113500001	0	1	1	1	0	0	1	1	1	1	0	1	1	1	0	0	1	0	0	0	1	1	0	0	0	0	0	1	0	1	1	1	1	0	1	1	1	1	0	0	0	1	1	0	0	1	1	1	1	0	0	1	1	1	0	1	0	0	1	1	1	0	1	0	0	1	1	0	0	1	1	1	0	1	0	0	0	1	0	0	0	1	1	0	0	0	0	0	1	0	0	1	0	0	0	0	1	1	0	1	0	0	1	1
chr7: 119.5Mbp-120.5Mbp	chr7	119500001	0	1	0	1	1	1	1	1	1	1	1	0	0	1	0	1	1	1	1	0	1	1	0	0	0	1	0	0	0	1	0	1	0	1	1	0	1	0	1	0	0	0	0	1	1	1	0	1	1	1	0	0	0	1	1	0	0	0	1	1	1	0	1	1	0	1	1	1	1	0	0	0	0	0	0	0	0	1	1	0	0	1	1	0	0	0	1	0	1	0	0	1	1	0	1	0	1	1	0	0	0	1	0	1
chr7: 124.5Mbp-125.5Mbp	chr7	124500001	0	1	1	0	1	1	1	1	1	0	1	0	0	0	0	0	1	1	1	1	0	0	0	0	0	0	1	0	0	1	0	1	0	1	1	1	1	1	1	0	1	1	0	0	0	1	1	0	1	1	0	0	1	1	1	0	0	1	1	0	1	0	1	0	0	1	0	0	1	0	0	0	0	0	0	0	0	1	0	1	0	1	1	1	0	0	1	1	1	1	0	1	1	0	0	1	0	0	0	0	0	1	0	1
chr7: 126Mbp-127Mbp	chr7	126000001	0	1	1	0	1	1	0	0	1	0	1	1	0	1	0	1	1	1	1	1	0	1	0	0	1	0	0	0	1	1	0	1	0	0	1	1	0	0	1	0	1	0	0	1	1	0	0	1	1	1	0	0	0	0	0	0	1	0	1	1	1	0	1	0	1	1	1	0	1	0	1	1	0	0	0	1	0	1	0	1	0	1	0	1	0	0	0	1	0	1	0	1	1	0	1	1	1	1	0	0	0	0	0	0
chr7: 136Mbp-137Mbp	chr7	136000001	0	1	1	0	1	1	1	0	0	1	1	0	0	1	0	0	1	1	0	1	1	0	0	0	1	0	1	0	0	1	1	0	0	0	1	0	0	1	1	0	0	1	0	1	1	0	1	1	1	1	0	0	1	1	1	0	0	0	1	0	0	0	0	1	0	0	0	0	1	1	1	1	1	0	0	0	0	1	0	0	0	1	1	1	1	0	0	1	1	0	0	0	0	0	1	0	1	1	1	1	0	1	1	0
chr7: 146Mbp-147Mbp	chr7	146000001	0	1	1	0	0	0	1	0	1	1	0	0	0	1	0	0	1	1	0	1	0	0	0	1	0	1	1	1	1	1	1	1	0	0	1	0	1	1	0	0	0	0	0	1	1	1	1	1	1	0	0	1	1	1	1	1	1	0	1	0	0	0	1	0	0	0	0	1	1	0	0	1	0	1	0	0	0	1	1	0	0	0	0	1	0	1	0	1	1	1	0	0	1	0	1	0	1	0	1	1	0	0	0	0
chr7: 146.5Mbp-147.5Mbp	chr7	146500001	0	1	1	1	0	0	0	1	1	1	0	0	0	1	1	0	1	0	1	0	0	0	0	0	0	1	1	1	1	1	1	1	0	1	1	0	1	1	1	0	0	1	0	1	0	0	0	1	1	0	0	1	1	1	1	0	1	0	1	0	0	0	1	0	0	0	0	0	1	0	0	0	0	0	0	0	1	1	1	1	0	0	1	1	0	1	1	0	1	1	0	0	1	0	1	0	0	0	1	1	0	0	1	1
chr7: 152.5Mbp-153.5Mbp	chr7	152500001	0	1	1	0	0	1	1	1	0	0	1	1	0	0	0	1	1	0	0	1	1	1	0	1	0	1	1	1	0	1	1	0	0	0	1	0	0	0	1	0	1	1	0	1	0	0	0	0	1	0	0	1	1	1	1	0	1	0	1	1	1	0	0	0	0	1	1	1	1	0	1	1	0	0	0	0	0	1	1	0	0	1	1	1	0	1	0	0	1	0	0	0	1	0	1	0	1	1	0	0	0	0	1	0
chr7: 154Mbp-155Mbp	chr7	154000001	0	1	0	0	1	0	1	0	0	0	1	0	0	1	0	1	0	0	0	1	1	0	1	0	1	0	1	0	0	0	1	1	1	1	1	1	0	0	1	0	1	0	0	0	1	1	1	0	1	0	0	0	1	1	1	1	0	1	0	1	0	0	1	1	0	1	0	1	1	1	0	1	0	1	0	0	0	1	1	0	0	1	0	1	0	0	0	1	0	1	0	1	1	0	1	1	1	1	0	0	0	1	0	0
chr8: 13Mbp-14Mbp	chr8	13000001	0	0	1	0	0	1	1	0	1	1	1	0	0	0	0	0	1	1	1	0	0	1	1	1	0	0	0	0	1	1	1	0	0	0	1	0	1	1	1	0	1	1	0	0	0	1	0	0	1	0	0	1	0	1	1	1	1	0	1	0	1	0	1	0	0	1	1	0	1	1	1	1	0	0	0	0	0	1	1	0	1	0	1	0	0	0	1	1	1	1	0	1	1	0	0	0	1	1	1	1	0	0	0	1
chr8: 13.5Mbp-14.5Mbp	chr8	13500001	0	0	1	1	0	1	1	1	1	1	1	0	0	0	0	1	1	1	0	1	0	1	1	0	0	0	0	0	1	1	0	0	0	0	1	1	1	1	0	0	0	0	1	1	1	1	0	1	1	0	0	1	0	1	1	1	1	1	0	0	1	0	1	0	1	1	0	0	0	1	0	1	0	0	0	0	0	1	1	0	1	0	1	1	0	1	1	0	1	1	0	1	0	0	1	0	1	0	1	0	0	0	0	0
chr8: 33Mbp-34Mbp	chr8	33000001	0	1	1	0	1	1	1	1	1	1	1	0	1	1	0	1	1	1	1	0	0	1	1	0	0	1	0	1	1	0	1	0	1	1	1	0	0	1	1	0	0	0	0	0	1	0	0	0	1	1	0	1	1	0	1	1	0	0	1	0	0	0	0	0	1	0	1	1	1	0	0	1	0	0	0	0	0	0	1	0	0	0	0	1	1	1	0	1	0	1	0	1	0	0	1	0	1	1	0	1	0	0	1	1
chr8: 34.5Mbp-35.5Mbp	chr8	34500001	0	1	0	1	0	1	1	0	1	1	1	0	1	1	0	0	1	1	0	0	1	0	0	1	0	1	0	0	1	1	1	1	0	1	0	0	1	1	1	0	1	0	0	1	1	1	1	0	0	1	0	0	1	1	1	1	0	1	0	0	1	1	1	0	1	1	0	1	0	1	0	0	0	1	0	0	0	1	0	1	0	0	1	0	0	0	1	1	0	1	0	1	1	0	1	0	1	1	1	0	0	0	1	0
chr8: 35.5Mbp-36.5Mbp	chr8	35500001	0	1	1	0	1	1	0	1	1	1	1	0	0	0	0	0	1	0	0	1	0	1	1	1	0	0	0	0	0	0	1	1	1	0	1	0	1	1	0	1	0	1	0	0	0	1	0	1	0	0	0	1	1	0	1	1	1	1	1	1	1	0	1	0	0	1	0	1	0	0	0	1	0	0	0	0	0	0	1	0	0	0	1	0	0	0	1	1	1	1	0	1	1	0	0	1	1	1	1	1	0	1	1	0
chr8: 51.5Mbp-52.5Mbp	chr8	51500001	0	1	1	0	1	1	0	1	1	0	1	0	1	0	0	0	1	0	1	0	0	1	1	1	0	1	0	1	0	1	1	1	1	0	1	1	1	1	1	0	0	0	1	0	1	0	1	0	0	1	0	0	0	1	1	1	0	0	0	0	1	0	1	1	1	1	0	0	1	0	0	0	1	0	0	0	0	1	0	0	1	0	1	1	0	0	0	0	0	1	0	1	1	0	1	0	1	0	1	1	0	1	1	1
chr8: 56Mbp-57Mbp	chr8	56000001	0	0	0	1	1	0	1	0	1	1	1	0	0	0	0	1	1	0	0	1	0	0	1	0	0	0	1	1	0	0	0	0	1	1	1	1	0	0	1	0	1	0	0	0	0	1	1	1	0	1	0	1	1	0	1	1	1	0	1	1	0	0	0	1	0	1	1	1	1	1	1	1	0	1	0	0	0	1	1	0	0	1	1	1	0	1	0	1	0	1	0	1	1	0	1	0	1	0	1	0	0	1	0	1
chr8: 56.5Mbp-57.5Mbp	chr8	56500001	0	0	1	0	1	0	0	0	0	0	1	0	0	0	0	1	1	1	1	0	1	0	1	1	1	0	1	0	1	0	1	1	1	0	1	0	0	1	1	0	1	0	1	0	1	1	1	1	0	1	0	0	0	0	1	1	0	1	0	1	0	0	1	0	1	1	1	0	1	1	1	0	1	1	0	0	0	0	1	0	0	1	1	0	0	1	0	1	1	1	0	1	1	0	1	0	1	1	1	0	0	0	0	1
chr8: 57.5Mbp-58.5Mbp	chr8	57500001	0	1	0	1	1	0	1	0	1	1	1	0	0	1	0	1	1	1	1	0	0	1	1	0	0	1	0	1	1	1	1	1	1	1	1	1	1	1	1	0	0	0	1	0	1	0	1	0	1	1	1	0	1	1	1	0	0	0	1	1	1	0	0	1	0	0	1	1	0	1	1	0	1	0	0	0	0	0	0	1	0	0	1	0	0	1	1	0	1	0	0	0	1	0	0	0	1	0	0	0	0	0	0	1
chr8: 63Mbp-64Mbp	chr8	63000001	0	1	1	0	1	1	1	1	0	1	1	0	0	1	0	0	1	1	1	1	0	1	1	0	1	1	0	1	0	1	0	0	0	1	1	1	1	1	1	0	1	1	0	0	0	1	0	0	0	1	0	0	1	1	1	1	1	0	1	1	0	0	1	0	0	1	1	1	1	0	0	1	0	0	0	0	0	1	0	1	0	1	0	1	0	0	0	0	0	1	0	0	1	0	1	0	1	1	0	1	0	0	1	0
chr8: 65Mbp-66Mbp	chr8	65000001	1	1	0	0	1	0	1	0	1	1	1	0	0	1	0	0	1	1	0	0	1	0	1	1	0	1	0	0	0	1	1	0	1	1	1	1	0	1	1	0	1	0	0	0	0	1	1	0	1	1	1	0	0	1	1	1	1	1	1	1	1	0	1	0	0	1	1	1	1	1	1	1	0	0	0	0	0	0	0	0	0	0	1	0	0	0	0	1	1	1	0	1	1	0	0	0	1	0	1	0	0	0	0	0
chr8: 76Mbp-77Mbp	chr8	76000001	0	1	1	0	1	1	1	0	1	1	1	0	0	1	0	1	0	1	1	1	1	0	0	1	0	1	0	1	0	0	1	0	0	0	0	1	0	0	0	0	1	1	1	1	1	1	1	1	0	0	1	1	1	1	0	1	0	0	1	1	1	0	0	0	1	1	0	0	1	0	1	1	0	1	0	1	0	1	0	0	0	0	0	0	0	0	1	0	1	0	0	1	1	0	1	0	1	0	0	0	0	1	1	1
chr8: 83Mbp-84Mbp	chr8	83000001	0	0	0	1	0	1	1	1	1	1	1	0	0	0	0	1	0	0	1	1	1	1	1	0	0	0	1	0	0	0	1	1	0	0	1	1	1	1	0	0	0	0	0	0	1	0	1	0	1	0	0	1	0	1	1	1	1	1	0	0	1	0	1	0	0	1	1	1	1	0	0	1	0	0	0	0	0	0	1	0	0	1	1	0	0	0	1	1	1	1	0	1	1	0	0	0	0	1	1	0	0	1	1	1
chr8: 84.5Mbp-85.5Mbp	chr8	84500001	0	0	1	1	0	1	1	1	1	0	1	1	0	1	0	1	1	1	1	0	1	1	0	0	1	1	1	0	0	1	0	0	1	0	1	0	0	1	0	0	1	1	0	0	0	1	1	1	1	0	1	1	0	1	1	0	0	0	1	0	1	0	0	1	1	1	1	0	0	0	0	1	0	0	0	1	0	1	0	0	0	0	1	0	0	1	0	1	1	1	0	1	1	0	0	0	1	1	0	1	0	1	1	0
chr8: 85Mbp-86Mbp	chr8	85000001	0	1	1	0	0	1	0	1	1	0	1	1	0	1	0	1	0	0	1	0	1	1	0	0	0	1	0	1	1	1	0	0	0	1	1	0	1	1	0	0	1	1	1	0	0	1	1	1	1	0	0	1	0	1	1	0	0	1	1	0	0	0	1	1	1	1	0	0	0	1	1	1	0	0	0	1	0	1	0	0	0	0	1	0	0	1	0	1	1	1	0	1	0	0	0	0	1	1	0	1	0	1	1	0
chr8: 89.5Mbp-90.5Mbp	chr8	89500001	0	1	1	0	0	1	1	1	1	1	0	0	0	1	0	0	1	1	0	1	1	0	1	1	0	0	0	1	1	1	0	1	1	0	1	0	0	1	1	1	0	1	0	1	0	1	0	1	1	1	0	1	1	0	1	1	1	0	1	1	1	0	0	0	1	0	1	0	1	1	0	0	0	1	0	0	0	0	0	0	0	0	1	1	0	0	0	1	1	1	0	0	1	0	0	0	1	1	1	0	0	1	0	0
chr8: 105.5Mbp-106.5Mbp	chr8	105500001	0	0	1	0	0	1	1	1	0	1	1	0	0	0	0	1	1	0	1	0	0	1	1	0	0	0	1	0	0	0	0	1	0	1	0	1	0	0	1	0	1	1	0	1	0	0	1	0	1	1	0	1	1	1	1	1	0	0	0	1	0	1	0	0	1	1	1	0	1	0	0	1	1	0	0	1	0	1	0	0	0	1	1	1	0	0	1	1	0	1	0	0	1	0	1	0	1	1	1	1	0	1	1	0
chr8: 106Mbp-107Mbp	chr8	106000001	0	1	0	0	1	1	1	0	1	1	1	0	0	0	0	0	1	0	1	0	0	1	1	0	0	1	1	0	0	0	1	1	0	0	0	0	1	0	1	0	1	1	0	1	1	0	0	0	1	0	1	1	1	1	0	0	0	0	0	1	0	1	0	1	1	1	1	0	1	0	0	1	0	0	0	1	0	1	0	0	0	1	1	1	0	0	1	1	1	1	0	1	1	0	0	0	1	1	1	1	0	1	1	0
chr8: 140Mbp-141Mbp	chr8	140000001	0	0	1	0	1	1	0	1	1	1	0	0	0	1	0	1	1	0	1	1	1	0	1	0	0	0	1	0	0	1	0	1	1	1	1	1	1	1	1	0	0	1	0	0	1	0	0	1	1	1	0	0	1	1	1	1	0	1	0	1	1	0	0	1	0	1	0	1	0	0	0	1	0	0	0	1	0	0	0	0	0	1	1	1	0	1	0	1	1	1	0	1	0	0	1	0	1	1	0	0	0	0	1	0
chr9: 7.5Mbp-8.5Mbp	chr9	7500001	0	1	1	1	0	1	1	1	1	1	0	0	0	1	0	0	1	1	1	1	0	0	0	0	0	1	1	0	1	0	0	1	0	1	1	1	0	1	1	0	0	0	1	0	0	1	1	1	0	0	0	0	1	1	1	0	0	1	1	0	1	0	1	0	0	1	0	0	0	1	1	1	0	0	0	0	0	1	0	0	0	1	1	0	0	0	0	1	1	1	0	0	1	0	1	0	1	1	0	1	0	0	1	1
chr9: 25Mbp-26Mbp	chr9	25000001	1	1	1	0	0	0	0	0	1	0	0	0	1	1	0	1	1	0	0	0	1	0	1	1	0	0	0	0	1	1	1	1	1	1	1	1	1	0	0	0	0	1	1	1	1	1	0	0	0	0	0	0	1	1	1	1	0	1	1	1	1	1	1	0	1	1	0	0	0	1	1	0	0	0	0	0	0	1	1	0	0	1	1	1	0	0	0	0	0	1	0	1	1	0	1	0	0	0	0	1	0	1	0	0
chr9: 27.5Mbp-28.5Mbp	chr9	27500001	0	1	1	0	0	0	1	1	1	1	1	0	0	0	0	0	1	0	1	1	1	1	0	0	0	1	1	0	1	1	1	1	0	0	1	1	0	0	1	0	1	1	0	0	1	0	1	0	1	1	0	1	1	1	1	0	1	0	1	1	0	0	1	1	1	1	0	0	0	1	0	1	0	0	0	0	0	1	0	0	0	1	1	1	0	1	1	1	0	0	0	0	0	0	0	0	1	1	1	0	0	0	1	0
chr9: 32Mbp-33Mbp	chr9	32000001	0	1	1	0	0	1	0	0	1	1	1	0	0	0	0	1	1	0	0	1	0	1	0	1	0	1	1	0	1	0	1	1	1	1	1	1	0	1	1	0	1	1	0	0	0	1	0	0	1	0	0	1	0	1	1	1	0	1	0	1	1	0	0	0	0	1	1	0	1	0	1	1	1	0	0	0	0	1	1	1	0	1	1	1	0	1	1	0	1	0	0	1	0	0	1	0	0	0	0	0	0	1	0	0
chrX: 3.5Mbp-4.5Mbp	chrX	3500001	0	1	1	1	1	1	1	1	1	1	0	1	0	0	0	1	1	0	1	0	1	0	0	0	0	1	0	1	0	0	1	0	1	0	1	0	0	0	1	0	0	0	0	1	1	1	1	0	1	1	1	0	0	1	1	1	0	0	0	1	1	0	0	0	1	0	1	0	0	0	1	0	0	1	1	0	0	0	0	0	0	1	0	1	0	1	1	1	1	1	0	1	0	0	0	0	1	1	1	0	0	1	1	0
chrX: 4.5Mbp-5.5Mbp	chrX	4500001	0	1	1	1	0	1	1	1	0	1	1	0	0	0	1	0	0	0	1	1	0	1	1	1	0	1	0	1	1	1	1	0	1	0	1	0	0	0	0	0	1	1	1	0	1	0	1	0	1	0	0	1	0	0	1	0	1	0	1	0	1	0	1	1	1	1	0	0	1	0	0	0	1	1	0	0	0	0	0	0	0	0	1	1	0	0	0	1	1	0	0	1	1	0	1	1	1	1	1	1	0	0	1	0
chrX: 5.5Mbp-6.5Mbp	chrX	5500001	0	1	0	1	1	1	1	0	1	1	0	0	0	0	0	0	1	1	1	0	0	1	1	0	1	0	1	1	0	0	0	1	0	1	0	1	1	1	0	0	0	1	0	0	1	1	1	1	0	1	1	0	1	0	1	1	0	1	1	0	1	0	1	0	1	1	1	0	0	0	0	0	1	1	0	0	0	1	0	1	0	1	0	1	0	0	1	1	1	1	0	0	1	0	0	0	0	1	1	0	0	1	0	0
chrX: 33Mbp-34Mbp	chrX	33000001	1	0	1	0	1	0	1	0	1	0	0	1	0	0	0	1	1	1	1	1	1	0	1	0	0	1	0	1	1	1	1	1	0	1	0	0	0	1	1	0	0	0	0	1	0	1	1	0	1	1	0	1	1	0	1	0	1	0	0	1	1	0	0	1	1	1	0	1	1	1	0	1	1	0	0	1	0	0	0	1	0	1	0	1	0	0	0	0	1	1	0	1	1	0	1	0	0	1	1	1	0	0	0	0
chrX: 33.5Mbp-34.5Mbp	chrX	33500001	1	0	1	1	1	0	1	0	1	0	0	1	0	0	0	1	1	1	1	1	1	0	1	0	1	1	0	1	0	1	1	0	0	1	1	0	0	1	1	0	1	0	0	1	0	1	0	0	1	1	0	0	1	0	1	0	1	0	1	1	1	0	0	0	1	1	1	0	1	1	1	1	0	1	0	1	0	1	1	1	1	0	1	0	0	0	0	0	0	1	0	1	1	0	1	0	0	0	1	1	0	0	0	0
chrX: 75.5Mbp-76.5Mbp	chrX	75500001	0	0	1	1	0	0	1	1	1	1	1	0	0	0	0	1	0	0	0	0	0	0	0	1	0	1	0	0	1	1	0	0	1	0	1	0	0	0	1	0	0	0	0	0	0	1	1	0	1	1	0	1	1	1	1	1	1	1	1	0	1	1	0	1	0	0	1	1	0	1	1	1	1	1	1	0	0	0	1	1	0	1	0	1	0	1	1	1	1	1	0	0	1	0	0	1	0	1	0	0	0	1	1	0
chrX: 82Mbp-83Mbp	chrX	82000001	0	0	1	0	0	1	1	0	0	1	1	0	0	0	0	0	0	1	0	0	0	1	1	0	0	0	0	0	0	1	0	1	1	0	1	0	0	1	1	0	0	1	1	0	1	1	1	1	1	1	0	0	0	0	0	1	0	0	0	1	1	0	0	1	1	1	1	0	1	0	0	1	0	1	1	1	0	1	1	1	0	1	1	0	1	0	1	1	1	1	0	1	0	0	0	0	1	1	0	1	0	0	1	1
chrX: 85.5Mbp-86.5Mbp	chrX	85500001	0	1	1	0	0	1	1	1	1	1	1	1	0	0	0	1	1	1	1	1	0	1	1	0	1	0	0	0	1	1	0	1	0	0	1	1	1	1	1	0	0	1	0	1	0	0	0	0	1	1	0	0	0	0	1	1	0	1	1	1	0	0	1	0	0	1	0	0	1	0	1	0	1	1	0	1	0	0	1	0	0	1	0	1	0	1	0	0	1	1	0	1	0	0	0	0	0	1	1	0	0	1	0	0
chrX: 92Mbp-93Mbp	chrX	92000001	0	1	1	0	1	1	1	0	1	1	0	1	0	0	0	0	1	1	1	1	0	1	1	1	0	0	1	0	0	0	0	0	0	0	1	1	1	1	0	0	1	1	0	0	0	1	0	1	1	1	0	1	1	0	1	1	0	0	1	0	1	1	0	0	1	0	0	0	1	0	1	1	1	1	0	0	0	1	0	0	0	1	1	1	0	1	1	1	1	1	0	1	0	0	0	0	1	0	1	1	1	0	0	1
chrX: 93.5Mbp-94.5Mbp	chrX	93500001	1	1	1	0	0	1	0	1	1	1	1	0	0	1	0	1	1	0	1	1	1	0	1	0	1	0	0	0	0	1	1	0	0	0	1	1	1	0	1	0	0	0	1	0	0	1	0	1	1	1	0	1	0	1	1	0	0	0	0	0	0	0	0	0	1	0	1	1	0	0	1	1	1	0	0	0	0	0	0	0	0	1	1	1	0	0	1	1	1	1	0	1	0	0	0	1	1	0	1	1	1	1	0	0
chrX: 125Mbp-126Mbp	chrX	125000001	0	1	0	1	0	1	1	0	1	0	0	1	0	1	1	0	0	0	1	1	0	0	0	0	0	0	1	0	0	1	1	1	1	1	0	1	1	0	1	0	1	1	0	0	1	1	1	0	1	1	0	1	1	1	1	1	1	1	1	1	1	0	0	1	1	1	0	1	0	1	0	0	1	0	0	0	0	1	1	0	0	0	0	1	0	0	0	1	1	1	0	0	1	0	1	0	1	1	0	1	0	0	0	1
chrX: 136.5Mbp-137.5Mbp	chrX	136500001	1	1	1	0	1	0	0	0	1	0	0	1	0	0	0	0	0	0	0	0	1	1	1	0	1	1	0	1	0	1	1	0	0	1	1	0	0	1	1	0	0	0	0	1	0	1	1	1	1	0	0	1	0	0	1	1	1	0	0	1	1	1	0	0	0	0	1	1	1	1	0	1	0	1	0	1	1	1	1	1	0	1	1	1	0	0	1	1	0	1	0	0	0	0	1	1	1	0	1	0	0	1	0	0
chrX: 140.5Mbp-141.5Mbp	chrX	140500001	1	1	1	1	1	1	1	0	1	1	0	0	0	0	0	0	1	1	1	0	1	1	1	1	0	1	1	0	1	1	0	0	1	0	0	0	0	1	1	0	0	0	1	0	1	1	0	1	1	0	1	1	1	0	1	1	0	0	1	1	1	0	1	0	0	0	0	0	0	1	0	0	0	1	0	1	0	0	1	1	0	1	1	0	0	1	1	0	0	0	0	0	0	1	1	0	0	1	1	0	0	0	0	1
chrX: 143Mbp-144Mbp	chrX	143000001	0	0	1	1	1	1	1	0	1	0	1	1	0	0	0	1	0	1	0	0	0	1	0	1	0	0	0	0	0	1	1	1	0	1	1	0	0	1	1	0	1	1	1	1	1	0	0	1	1	1	0	0	1	0	1	0	0	0	1	1	1	1	0	0	1	0	0	1	1	0	1	0	0	0	1	0	0	0	1	0	0	1	1	1	0	1	1	1	1	1	0	0	0	0	1	1	0	1	0	0	0	0	0	1
chrX: 147.5Mbp-148.5Mbp	chrX	147500001	0	0	1	1	0	1	1	1	0	0	1	1	1	1	1	0	1	1	1	0	0	1	1	0	0	1	0	0	0	0	0	0	1	1	0	0	1	0	1	0	1	1	1	1	0	0	0	0	0	0	1	1	0	1	1	0	0	0	1	1	0	0	1	0	0	1	1	0	0	0	0	0	1	1	0	0	0	1	1	0	0	1	1	0	0	1	1	1	1	0	0	0	0	0	1	0	1	0	1	1	0	1	1	1
